Red: Red de Vigilancia y Control de la Contaminación AtmosféricaEstación: 03014009-Alacant - Rabassa
	
FECHA	SO2	CO	NO	NO2	PM10	NOx	O3	Veloc.	Direc.	Temp.	H.Rel.	Pres.	R.Sol.	Precip.	PM2.5	PM1
	µg/m³	mg/m³	µg/m³	µg/m³	µg/m³	µg/m³	µg/m³	m/s	grados	°C	% H.R.	mb	W/m²	l/m²	µg/m³	µg/m³
01/01/2020	3		2	8	22	11	38	2,1	302	9,1	88	1020	102	0	19	19
02/01/2020	3		3	13	23	18	44	2,1	306	9,6	85	1020	54	0	18	17
03/01/2020	3		12	23	26	41	19	1,5	1	8,3	84	1019	101	0,1	19	18
04/01/2020	3		3	13	22	17	41	2,1	336	9,1	85	1020	103	0	18	18
05/01/2020	3		2	11	15	13	46	2,4	303	9	78	1017	106	0	13	12
06/01/2020	3	0,1	2	10	15	12		2,4	311	7,9	82	1017	103	0	13	13
07/01/2020	3	0,1	5	17	28	24		2,2	316	8,2	89	1018	95	0	21	20
08/01/2020	3	0,1	10	22	34	36		1,8	3	8,3	87	1017	85	0	23	22
09/01/2020	3	0,1	4	19	28	25		2,2	312	9,8	82	1015	105	0	17	17
10/01/2020	3	0,1	3	15	15	20		2,9	354	10,5	73	1012	68	2,1	10	9
11/01/2020	3	0,1	2	9	9	11		2,1	22	11	68	1017	109	0	4	3
12/01/2020	4	0,1	2	10	11	13		2,2	12	7,7	79	1017	115	0	7	6
13/01/2020	4	0,1	5	19	21	26	25	2,9	281	7,8	72	1013	111	0	9	9
14/01/2020	3	0,1	6	20	38	29	38	2,3	291	9,7	59	1010	117	0	8	7
15/01/2020	3	0,1	10	24	28	39	36	2,4	296	10,6	62	1013	101	0	8	7
16/01/2020	3	0,1	8	28	29	40	31	1,8	5	10,8	74	1015	111	0	10	9
17/01/2020	3	0,1	2	24	31	27	46	2,9	306	13,3	55	1017	104	0	6	5
18/01/2020	3	0,1	3	24	24	28	40	2,2	296	11,8	66	1015	44	0	10	10
19/01/2020	3	0,1	2	11	10	13	62	6,4	1	10,4	67	1002	41	0,5	3	3
20/01/2020	3	0,1	2	11	2	13	61	5,3	22	9,1	84	1003	49	19,3	2	2
21/01/2020	3	0,1	2	15	40	17	62	3,5	66	11,6	88	1001	64	9,5	12	7
22/01/2020	3	0,1	5	23		31	38	2,1	22	10,9	80	1005	101	0,1		
23/01/2020	4	0,1	11	23	58	40	30	2	24	9,3	92	1008	52	0,1	25	13
24/01/2020	3	0,1	3	22	67	26	41	2,1	21	10	86	1008	63	0	15	9
25/01/2020	3	0,1	2	18	28	21	39	1,8	332	10,4	87	1006	53	0	12	9
26/01/2020	4	0,1	2	15	16	18	45	2,9	316	12,1	70	1009	130	0	6	5
27/01/2020	3	0,1	2	13	19	16	63	3,7	281	12,5	58	1011	126	0	4	3
28/01/2020	3	0,1	2	15	11	18	60	4	258	15,1	61	1010	55	0	2	2
29/01/2020	3	0,1	3	14	20	18	57	3,8	295	17,8	56	1010	115	0	2	1
30/01/2020														0		
31/01/2020														0		
01/02/2020	3	0,1	2	11	13	14	50	3,8	302	18,8	62	1011	129	0	2	1
02/02/2020	3	0,1	2	15	20	18	44	2,1	304	17,1	69	1015	126	0	3	2
03/02/2020	3	0,1	8	26	25	38	29	1,8	318	15,3	71	1016	145	0	6	5
04/02/2020	3	0,1	3	20	54	24	41	2,8	334	19,1	50	1012	146	0	7	4
05/02/2020														0		
06/02/2020	3	0,1	4	16	14	22	50	1,7	26	9,9	79	1015	124	0,1	5	4
07/02/2020		0,1	2	15	17	19	58	1,5	312	10,9	79	1012	95	0	5	3
08/02/2020	3	0,1	2	17	24	20	40	2	323	12,1	82	1013	114	0	16	15
09/02/2020	3	0,1	2	14	29	16	61	1,6	247	13,2	85	1018	132	0	17	15
10/02/2020	4	0,1	2	14	19	16	58	3,5	268	16,5	61	1017	150	0	6	5
11/02/2020	3	0,1	7	27	44	37	40	1,6	18	16,8	67	1011	150	0	8	7
12/02/2020	3	0,1	5	18	27	25	48	1,2	30	14,1	86	1011	123	0	14	13
13/02/2020	3	0,1	5	15	23	22	37	2,3	308	15,5	70	1010	142	0	10	9
14/02/2020	3	0,1	4	18	17	24	40	1,8	16	13,7	71	1012	158	0	8	7
15/02/2020	3	0,1	3	16	24	20	47	1,5	337	11,6	87	1014	157	0	18	18
16/02/2020	3	0,1	2	13	37	16	44	1,3	260	11,5	94	1015	146	0,1	29	26
17/02/2020	3	0,1	10	27	47	42	27	0,9	38	13,1	91	1013	137	0,1	28	24
18/02/2020	3	0,1	3	17	15	21	49	1,7	30	12,2	98	1018	12	0,7	11	10
19/02/2020	3	0,1	2	15	14	18	58	0,9	55	13,1	87	1019	69	0	6	5
20/02/2020	4	0,1	3	15	15	20	51	1,7	357	11,4	83	1014	173	0	8	7
21/02/2020	4	0,1	3	18	14	22	54	1,7	360	10,3	85	1017	151	0	8	7
22/02/2020	4	0,1	3	17	23	21	50	1,5	359	10,6	85	1020	178	0	15	14
23/02/2020	4	0,1	2	13	15	16	59	2,2	307	10,9	72	1021	184	0,1	9	8
24/02/2020	4	0,1	4	23	35	30	48	2	313	11,7	67	1014	187	0	9	8
25/02/2020	4	0,1	3	18	81	21	70	5,3	300	20,1	32	1005	171	0	6	4
26/02/2020	4	0,1	3	18	46	22	65	4,4	303	17,2	47	1006	187	0	4	3
27/02/2020	4	0,1	3	16	66	19	65	3,4	295	17,2	38	1008	191	0	6	3
28/02/2020	4	0,1	4	17		23	54	2	341	16,5	43	1009	172	0		
29/02/2020	4	0,1	2	11	168	13	63	3,6	274	16	52	1002	176	0	14	7
01/03/2020	3	0,1	1	6	11	7	74	3,9	269	18,2	49	1002	112	0	2	2
02/03/2020	3	0,1	2	6	65	9	82	8,3	276	17,5	44	997	180	0,3	3	1
03/03/2020	3	0,1	2	9	20	12	74	5,9	275	16	46	1004	135	0	3	2
04/03/2020	4	0,1	3	11	23	15	58	6,5	303	19,9	49	1006	186	0	2	1
05/03/2020	4	0,1	2	12	27	15	66	5,5	296	19	44	1000	188	0	3	2
06/03/2020	4	0,1	2	10	34	13	84	7,1	305	14,9	38	1004	154	0	2	1
07/03/2020	3	0,1	1	7	7	9	86	5	342	13,6	41	1010	182	0	2	1
08/03/2020	4	0,1	2	8	17	11	72	2,6	258	15,6	47	1010	213	0	2	2
09/03/2020	3	0,1	2	12	24	14	75	3,1	349	17,9	43	1009	154	0	3	2
10/03/2020	3	0,1	2	13	17	16	67	2	265	13,3	75	1013	203	0	4	3
11/03/2020	4	0,1	7	30	41	40	54	1,1	79	16,3	68	1010	214	0	8	7
12/03/2020	3	0,1	5	29	36	38	47	1,3	3	16,8	57	1007	200	0	6	4
13/03/2020	4	0,1	3	16	33	20	71	2,1	42	15,9	60	1005	157	0	5	4
14/03/2020	4	0,1	1	9	21	11	71	1,4	74	14,7	78	1007	211	0	6	5
15/03/2020	3	0,1	1	4	13	6	73	1,6	56	13,2	84	1005	202	0	6	4
16/03/2020	4	0,1	1	9	14	11	75	1,7	43	13,6	90	1001	30	0,4	7	5
17/03/2020	3	0,1	2	8	14	10	78	2,5	60	14,3	87	1010	70	4,7	7	6
18/03/2020	3	0,1	1	5	22	7	85	2,7	47	15,2	66	1012	194	0	7	6
19/03/2020	3	0,1	1	3	12	5	78	3,3	48	13,4	76	1009	186	0	7	6
20/03/2020	4	0,1	1	5	14	7	80	2,5	43	13,1	75	1004	92	0	7	6
21/03/2020	3	0,1	1	3	15	5	92	1,9	48	13,7	80	1000	98	9,8	6	5
22/03/2020	4	0,1	1	3	7	4	70	1,2	36	12,1	95	999	75	13,2	6	5
23/03/2020	3	0,1	1	4	10	6	85	3,8	57	13,8	90	1002	115	2,6	6	5
24/03/2020	4	0,1	1	3	14	5	92	4,2	52	12,4	89	1002	31	17,9	9	8
25/03/2020	4	0,1	1	5	10	7	82	1,6	45	10,6	79	1003	72	2,7	4	3
26/03/2020	4	0,1	1	5	9	8	80	1,8	15	12	72	997	158	0,5	5	4
27/03/2020	3	0,1	1	7	5	9	82	1,8	25	9,3	81	1000	23	5,7	4	3
28/03/2020	3	0,1	1	3	10	5	77	1,8	299	10,9	72	1005	183	0,1	7	7
29/03/2020	5	0,1	1	3	10	5	69	2,2	264	13	71	1004	250	0	7	7
30/03/2020	4	0,1	2	6	15	8	72	3,2	47	11,9	80	999	123	0	8	7
31/03/2020	3	0,1	1	5	10	7	83	1,4	37	13,8	79	996	150	1,2	6	5
01/04/2020	5	0,1	1	5	9	7	76	2,5	263	14,8	81	998	207	4,8	5	5
02/04/2020	4	0,1	2	5	3	7	80	1,5	347	12,6	83	999	162	2,9	2	2
03/04/2020	4	0,1	1	5	5	6	78	1,6	354	13,5	69	1004	221	0	3	3
04/04/2020	5	0,1	1	2	9	4	84	1,9	44	12,6	80	1007	224	0	5	4
05/04/2020	4	0,1	1	2	9	3	100	1,6	54	13,5	74	1008	190	0	5	4
06/04/2020	4	0,1	2	5	11	7	86	1,2	58	13,9	83	1011	219	0	7	6
07/04/2020	4	0,1	1	3	11	5	95	1,9	53	13,9	80	1013	250	0	7	6
08/04/2020	5	0,1	1	3	13	5	94	2,2	34	13,2	74	1012	268	0	9	8
09/04/2020	4	0,1	1	4	15	5	83	2	29	14,6	59	1009	191	0	8	7
10/04/2020	4	0,1	1	2	19	3	95	1,5	35	15,3	57	1009	152	0	11	10
11/04/2020	4	0,1	1	2	14	3	93	2	58	14,9	57	1009	266	0	8	7
12/04/2020	4	0,1	1	1	18	3	105	1,9	40	15,2	60	1004	97	0,8	10	9
13/04/2020	4	0,1	1	3	12	4	79	1,3	178	14,7	92	997	134	0,6	10	10
14/04/2020	4	0,1	1	2	13	3	86	1,5	108	16,5	87	1000	242	0	8	7
15/04/2020	3	0,1	1	6	11	7	63	1,6	32	15,4	91	1003	108	4,4	8	7
16/04/2020	5	0,1	3	5	19	8	67	1,2	52	15,5	88	1005	235	0	11	10
17/04/2020	4	0,1	1	4	26	6	67	1,5	81	16,3	88	1004	175	0,3	12	10
18/04/2020	4	0,1	1	3	21	4	59	1,6	40	17,3	85	1001	170	0	9	7
19/04/2020	4	0,1	1	2	11	3	57	1,3	177	17,2	87	995	102	5,6	4	3
20/04/2020	4	0,1	2	9	12	12	59	4,7	304	19,1	56	994	265	0	2	2
21/04/2020	5	0,1	2	8	14	11	83	5	303	16,8	53	993	208	0	2	1
22/04/2020	5	0,1	1	3	7	4	78	3,5	315	17,2	65	1000	190	0	1	1
23/04/2020	5	0,1	2	4	14	7	75	1,3	72	15,6	79	1007	220	0	5	4
24/04/2020	4	0,1	2	4	16	7	81	2	51	15,4	74	1002	285	0	6	5
25/04/2020	3	0,1	1	3	14	4	72	1,3	231	14,8	82	997	60	0	8	8
26/04/2020	4	0,1	1	3	15	4	57	1,3	61	16,6	82	998	233	0	11	10
27/04/2020	4	0,1	2	6	13	8	58	2,7	292	17,4	74	999	235	4,5	5	5
28/04/2020	4	0,1	2	6	12	8	67	2,5	269	17,1	64	1002	168	0	3	2
29/04/2020		0,1	2	5	15	7	72	3,5	292	19,2	51	1005	308	0	2	2
30/04/2020		0,1	1	5	19	6	70	4,4	298	21,6	46	1004	254	0	2	1
01/05/2020		0,1	2	7	20	10	58	4,2	298	23,8	46	1005	295	0	2	1
02/05/2020		0,1	1	3	12	5	56	1,9	314	24,6	51	1006	312	0	2	2
03/05/2020		0,1	1	3	13	4	61	1,9	47	22	62	1005	313	0	5	4
04/05/2020	4	0,1	2	6	22	8	56	1,5	39	21,9	55	1002	287	0	4	3
05/05/2020	5	0,1	3	9	27	13	66	1,3	153	21,3	60	1001	285	0	5	3
06/05/2020	4	0,1	1	4	14	6	70	1,6	75	20,2	77	1003	282	0	6	4
07/05/2020	3	0,1	2	6	19	8	68	3,3	34	21,3	55	1004	249	0	3	2
08/05/2020	3	0,1	1	4	37	6	77	2,3	125	19,8	72	1002	268	0	6	4
09/05/2020	3	0,1	1	2	21	4	88	1,8	176	19,1	84	999	160	0	9	7
10/05/2020														0,2		
11/05/2020														0		
12/05/2020	3	0,1	1	7	17	9	75	1,9	57	19,1	66	995	176	0	3	2
13/05/2020	3	0,1	2	6	8	9	89	2,9	219	18,2	56	993	312	0	2	1
14/05/2020	3	0,1	1	5	7	7	78	3,2	267	16,2	78	994	156	12,7	3	2
15/05/2020	3	0,1	2	8	11	11	62	1,3	37	17	78	999	137	0,7	3	2
16/05/2020	3	0,1	1	4	8	6	69	1,5	10	18	73	1003	141	0	3	2
17/05/2020	3	0,1	1	3	11	5	64	1,4	264	17,7	82	1008	173	0	6	5
18/05/2020	3	0,1	3	9	19	13	60	1,5	105	19,3	74	1008	309	0	7	5
19/05/2020	3	0,1	2	10	20	13	70	1,4	104	20,7	69	1005	313	0	7	5
20/05/2020	3	0,1	2	11	22	14	90	1,2	95	21,8	68	1003	313	0	8	7
21/05/2020	3	0,1	2	11	23	13	83	1,2	149	21,9	75	1007	312	0	10	9
22/05/2020	3	0,1	2	10	22	14	79	1,3	80	22,3	59	1010	312	0	5	4
23/05/2020	3	0,1	1	5	12	7	87	1,7	82	22,7	54	1012	300	0	3	3
24/05/2020	3	0,1	1	3	23	5	76	2,3	50	21,1	68	1013	303	0	5	3
25/05/2020	3	0,1	2	6	26	9	67	1,6	43	20,2	57	1013	188	0	3	2
26/05/2020	3	0,1	1	6	27	8	70	2,8	48	20,9	67	1012	314	0	5	4
27/05/2020	3	0,1	1	6	34	8	90	3,4	52	21,5	60	1011	310	0,1	5	4
28/05/2020	3	0,1	2	6	22	9	89	3,5	56	21,7	52	1010	318	0	3	2
29/05/2020	3	0,1	2	8	26	10	90	1,7	63	20,6	50	1004	321	0	3	2
30/05/2020	3	0,1	1	5	16	6	86	1,7	74	19,4	63	1003	320	0	3	2
31/05/2020	3	0,1	1	4	14	5	91	1,9	58	20,6	53	1001	251	0	3	2
01/06/2020	3	0,1	2	8	35	11	85	1,5	154	21,5	67	1002	306	0	5	3
02/06/2020	3	0,1	1	6	22	8	77	1,3	141	20,7	79	1002	281	0	6	5
03/06/2020	3	0,1	2	9	39	12	74	1,6	179	21,3	74	996	307	0	10	8
04/06/2020	3	0,1	1	7	34	9	66	4,3	299	23,3	57	992	186	0	7	5
05/06/2020	3	0,1	1	6	31	8	75	3,5	292	23,6	51	998	323	0	4	3
06/06/2020	3	0,1	2	10	37	13	70	1,7	113	23,2	66	995	300	0	8	6
07/06/2020	3	0,1	1	6	35	8	69	2,6	25	24,3	59	994	214	0,1	6	4
08/06/2020	3	0,1	2	7	17	9	56	1,8	67	18,6	81	1000	139	3,3	3	2
09/06/2020	3	0,1	2	7	7	10	56	1,7	158	19,2	75	1004	230	0	3	3
10/06/2020								1,5	136	19,8	80	1002	275	0,1		
11/06/2020								2,5	240	22,5	68	994	317	0		
12/06/2020	3	0,1	1	5	24	7	66	3,7	254	23,4	50	993	287	0	3	2
13/06/2020	3	0,1	1	5	25	7	76	4,5	276	22,7	41	1001	333	0	3	2
14/06/2020	3	0,1	1	6	22	8	76	1,6	77	20,5	65	1005	299	0	4	3
15/06/2020	3	0,1	2	9	37	11	88	1,7	97	22,8	54	1006	327	0	5	3
16/06/2020	3	0,1	2	9	35	11	80	1,6	79	21,2	78	1004	286	0	8	6
17/06/2020	3	0,1	2	6	20	9	69	1,6	97	21,7	83	1002	286	0	9	7
18/06/2020	3	0,1	1	4	24	6	73	2	82	22,2	79	1001	213	0	7	6
19/06/2020	3	0,1	1	4	15	6	67	1,5	138	22,5	80	1006	310	1	7	5
20/06/2020	3	0,1	1	5	13	7	60	2	206	22,1	75	1008	334	0	5	4
21/06/2020	3	0,1	1	6	12	7	72	1,4	114	23,2	74	1008	333	0	4	3
22/06/2020														0		
23/06/2020	3	0,1	2	8	19	11	58	1,6	63	23,9	61	1006	336	0	3	3
24/06/2020	3	0,1	1	5	14	7	76	2	51	23,5	66	1004	243	0	3	3
25/06/2020	3	0,1	1	7	24	9	89	2,8	51	26,1	48	1002	334	0	3	2
26/06/2020	4	0,1	2	7	35	9	84	1,7	154	24,3	67	1002	336	0	5	3
27/06/2020	3	0,1	1	7	30	9	69	1,3	116	24,3	74	1003	323	0	9	7
28/06/2020	3	0,1	1	6	27	8	74	1,3	106	23,8	78	1004	328	0	10	9
29/06/2020	3	0,1	2	7	32	10	61	1,2	85	24,6	71	1003	334	0	8	7
30/06/2020	3	0,1	2	8	48	10	53	1,9	53	25,7	66	1001	299	0	9	6
01/07/2020	3	0,1	2	9	61	12	60	1,6	103	25,4	73	999	332	0	13	9
02/07/2020	3	0,1	1	8	35	10	57	1,4	142	25,2	87	1000	315	0	14	11
03/07/2020	3	0,1	1	5	32	7	54	2	156	25,2	84	1005	244	0	10	7
04/07/2020	3	0,1	1	5	23	7	49	1,4	122	24,5	80	1008	306	0,1	7	5
05/07/2020	3	0,1	1	4	19	6	53	1,7	129	24,2	71	1007	329	0	4	3
06/07/2020	3	0,1	2	8	29	11	61	1,6	168	24,8	57	1004	327	0	3	2
07/07/2020	3	0,1	2	9	25	11	68	1,7	114	25,9	54	1003	328	0	3	2
08/07/2020	3	0,1	1	5	33	7	59	1,9	68	25,8	70	1004	266	0	5	3
09/07/2020	3	0,1	1	5	46	7	85	2,7	73	26,9	57	1002	256	0	5	3
10/07/2020	3	0,1	2	7	36	10	72	2	89	25,5	62	1001	360	0	6	4
13/07/2020														0		
14/07/2020		0,1	1	10	31	12	77	1,7	69	24,8	72	1003	206	0	5	4
15/07/2020		0,1	1	8	29	9	91	1,8	67	24,6	68	1004	310	0	5	3
16/07/2020		0,1	1	7	28	9	82	2,1	71	24,3	68	1005	326	0	4	3
17/07/2020		0,1	2	5	23	8	69	1,5	104	24,4	76	1004	322	0	5	4
18/07/2020		0,1	1	4	18	6	61	1,6	111	24,7	74	1003	317	0	5	4
19/07/2020		0,1	1	4	18	6	60	1,9	207	24,8	70	1003	328	0	5	4
20/07/2020		0,1	2	8	20	11	58	1,7	72	25,4	76	1004	310	0	5	4
21/07/2020		0,1	2	7	37	10	59	2,4	50	25,9	66	1005	326	0	5	3
22/07/2020		0,1	2	9	54	11	76	3	45	27,4	49	1004	299	0	4	2
23/07/2020		0,1	2	9	27	12	75	1,5	161	25,7	58	1003	326	0	4	3
24/07/2020	3	0,1	1	8	27	11	71	1,5	178	25,6	64	1001	294	0	4	3
25/07/2020	3	0,1	1	6	13	8	68	1,4	69	26,3	64	1002	313	0	4	3
26/07/2020	3	0,1	1	4	21	6	69	2,1	52	25,9	74	1002	319	0	6	4
27/07/2020	4	0,1	2	11	40	14	69	1,7	37	27,8	50	1003	279	0	5	3
28/07/2020	3	0,1	2	10	35	12	74	2,1	91	27,6	61	1001	311	0	7	5
29/07/2020	4	0,1	2	9	51	12	62	1,8	52	28,2	67	1001	307	0	10	7
30/07/2020	4	0,1	2	12	50	16	66	1,5	87	28,4	60	1002	287	0	7	6
31/07/2020	4	0,1	2	12	39	15	63	1,3	130	27,9	71	1002	305	0	10	9
01/08/2020	4	0,1	2	13	50	15	43	1,2	158	27,7	82	1002	213	0,5	24	21
02/08/2020	3	0,1	1	8	61	9	47	1,3	94	27,6	84	1000	284	0	32	27
03/08/2020	4	0,1	1	5	55	7	54	1,7	90	26,8	84	1000	202	0	15	12
04/08/2020	4	0,1	1	4	26	6	50	1,4	117	25,8	83	1001	224	5	9	6
05/08/2020	4	0,1			10		47	1,4	89	25,5	79	1001	302	0	5	4
06/08/2020	3	0,1			7		55	1,4	68	26	71	1004	311	0	3	2
07/08/2020	3	0,1			6		58	1,5	75	25,7	65	1006	308	0	2	2
08/08/2020	4	0,1			7		61	1,4	92	26,4	56	1006	309	0	2	2
09/08/2020	5	0,1			8		59	1,4	68	27	54	1003	289	0	3	2
10/08/2020	3	0,1			11		67	2,1	50	27	54	1000	275	0	4	2
11/08/2020	4	0,1	2	10	17	12	75	3,5	62	27,7	61	1000	260	1	8	6
12/08/2020	4	0,1	2	9	17	12	62	2	241	26,5	77	1001	275	0	12	10
13/08/2020	3	0,1	1	8	15	10	65	1,6	165	26,4	72	1001	297	0	8	6
14/08/2020	4	0,1	1	6	10	7	64	1,8	82	25,9	76	1001	302	0	7	5
15/08/2020	4	0,1	1	5	11	6	67	1,8	153	25,7	73	1000	299	0	7	5
16/08/2020	4	0,1	1	6	12	7	72	1,7	118	27	53	999	307	0	5	3
17/08/2020	3	0,1	3	12	21	16	69	1,7	46	27,4	45	1000	304	0	5	2
18/08/2020	4	0,1	2	10	12	12	73	1,6	72	26,2	61	1001	278	0	5	3
19/08/2020	3	0,1	1	10	11	11	63	1,6	46	26,2	55	998	296	0	4	2
20/08/2020	4	0,1	2	8	12	10	62	1,9	73	26,4	61	997	249	0	5	3
21/08/2020	4	0,1	1	8	16	9	51	1,6	173	27,2	79	1001	265	0	9	7
22/08/2020	4	0,1	1	6	18	7	49	1,5	65	27	78	1005	276	0	10	8
23/08/2020	4	0,1	1	2	11	3	50	1,8	95	27,2	81	1006	240	0	8	6
24/08/2020	4	0,1	1	3	9	4	60	1,5	109	26,6	79	1004	262	0	5	3
25/08/2020	5	0,1	2	7	8	9	48	1,6	212	26,3	75	1003	285	0	5	3
26/08/2020	4	0,1	2	8	10	10	46	1,5	76	26,4	71	1005	286	0	5	3
27/08/2020	5	0,1	2	10	12	12	49	1,7	206	26,4	65	1003	271	0	5	3
28/08/2020	4	0,1	1	7	18	8	60	1,7	204	25,5	74	994	252	0	11	9
29/08/2020	3	0,1	1	5	13	6	51	2,4	58	24,6	78	991	243	5,2	7	6
30/08/2020	4	0,1	1	6	6	8	48	2,4	351	21,5	65	1000	240	0	3	2
31/08/2020	4	0,1	1	6	5	8	55	2,3	186	21,6	59	1005	285	0	2	1
01/09/2020		0,1	2	6	6	8	59	1,6	67	22,2	69	1001	168	0	2	1
02/09/2020		0,1	1	6	4	7	59	1,7	70	23,5	69	1003	256	0	2	1
03/09/2020		0,1	2	5	5	7	65	1,9	59	23,5	69	1009	272	0	2	1
04/09/2020		0,1	1	5	6	6	74	2,3	49	23,5	71	1011	255	0	2	1
05/09/2020		0,1	1	2	4	3	72	1,9	58	23,4	74	1007	253	0	2	2
06/09/2020		0,1	1	2	3	3	70	1,7	109	23,7	70	1004	266	0	2	2
07/09/2020		0,1	2	6	5	9	60	2	29	23	71	1004	171	0	3	2
08/09/2020		0,1	1	6	10	7	69	2,4	49	22,1	59	1009	235	0	3	1
09/09/2020		0,1	1	5	7	6	85	2,1	42	22,7	65	1007	257	0	3	2
10/09/2020		0,1	2	8	6	10	74	1,8	251	22,4	76	1005	229	0	4	3
11/09/2020		0,1	2	12	10	15	64	1,9	264	23,4	66	1002	255	0	4	3
12/09/2020		0,1	1	6	6	7	81	1,7	48	24,3	56	1006	254	0	3	2
13/09/2020		0,1	1	4	6	5	80	2,2	37	24,4	61	1009	244	0	3	2
14/09/2020		0,1	1	8	9	9	73	1,9	46	23,8	71	1010	238	0	5	4
15/09/2020		0,1	1	7	13	8	71	1,6	57	24,6	76	1008	230	0,2	10	9
16/09/2020		0,1	1	8	18	9	63	1,5	41	23,8	75	1006	227	0	13	12
17/09/2020		0,1	2	10	18	11	57	1,3	60	24	75	1003	112	0	12	10
18/09/2020		0,1	2	11	17	13	41	1,6	340	22,1	80	1003	67	2,1	6	5
19/09/2020		0,1	1	7	16	8	50	2,4	279	24,3	63	1003	235	0	4	3
20/09/2020		0,1	1	5	16	6	66	2,3	297	24,3	54	1004	188	0	2	1
21/09/2020	4	0,1	2	10	36	12	69	2	287	24,2	60	1003	194	0	4	3
22/09/2020	4	0,1	2	9	28	11	69	1,9	58	23	66	1001	212	0	5	4
23/09/2020	4	0,1	3	13	53	16	61	1,8	305	24,3	59	1000	184	0	6	5
24/09/2020	3	0,1	1	5	32	6	59	3,7	256	26,9	45	1001	181	0	4	3
25/09/2020	4	0,1	1	5	61	6	65	5,3	311	23,6	36	1004	202	0	4	2
26/09/2020	4	0,1	1	3	16	4	71	3,3	337	21	35	1003	224	0	1	1
27/09/2020	3	0,1	1	5	41	6	66	3,6	341	21,1	47	999	233	0	3	1
28/09/2020	3	0,1	1	8	46	10	64	2,1	26	19	62	1003	230	0	3	2
29/09/2020	3	0,1	2	8	21	11	62	2	37	19,6	75	1005	222	0	3	2
30/09/2020	4	0,1	1	7	17	9	58	1,9	277	19,4	78	1003	158	0	3	2
01/10/2020	4	0,1	3	14	45	18	64	2,1	278	23,1	62	996	205	0	7	5
02/10/2020	4	0,1	1	4	44	5	65	6,5	276	21,2	44	986	105	0,1	3	2
03/10/2020	4	0,1	1	4	31	6	64	4,7	292	17,9	40	994	225	0	2	1
04/10/2020	3	0,1	1	3	28	4	66	4,5	293	18,8	45	997	197	0	2	1
05/10/2020	4	0,1	1	7	32	9	59	3,5	332	20	47	1003	204	0	3	1
06/10/2020	3	0,1	1	9	51	11	62	2,5	303	20,4	48	1008	211	0	4	2
07/10/2020	3	0,1	4	17	57	23	49	1,7	11	21,6	57	1008	205	0	4	3
08/10/2020	3	0,1	3	9	32	14	52	1,6	61	20,9	76	1011	197	0	5	3
09/10/2020	4	0,1	1	6	16	7	42	1,5	334	19,5	84	1009	183	0	6	4
10/10/2020	3	0,1	1	5	15	6	42	1,5	314	19,5	80	1009	103	0	5	4
11/10/2020	4	0,1	1	5	14	6	52	2	33	17,4	72	1008	142	0,4	3	3
12/10/2020	4	0,1	1	4	12	5	66	2,5	337	16	50	1008	202	0	1	1
13/10/2020	4	0,1	1	9	63	10	52	2,5	287	19,2	47	1001	192	0	3	2
14/10/2020	4	0,1	1	9	38	10	48	2,9	359	17	64	997	150	0	3	2
15/10/2020	4	0,1	2	9	31	12	57	3	321	16,6	44	1002	198	0	2	1
16/10/2020	4	0,1	1	10	42	12	60	2,8	333	15,2	52	1004	195	0	3	2
17/10/2020	4	0,2	1	8	22	9	65	2,4	358	15,1	67	1004	175	0	5	4
18/10/2020	4	0,1	1	6	16	7	71	2	28	15,6	78	1008	172	0	5	4
19/10/2020	4	0,1	1	8	17	10	65	1,9	29	16,6	77	1008	177	0	4	3
20/10/2020	4	0,1	2	10	37	13	70	1,9	36	17,9	83	1001	145	0	6	4
21/10/2020	4	0,1	4	16		21	45	1,5	78	21	69	998	145	0		
22/10/2020	3	0,1	5	19	102	26	23	0,9	328	19,5	83	1002	22	0,9	14	9
23/10/2020	3	0,1	2	9	16	11	46	2,9	293	19,1	63	1008	125	0	5	4
24/10/2020	3	0,1	1	5	11	6	64	2,9	304	17,9	59	1011	168	0	2	2
25/10/2020	3	0,1	1	6	27	7	62	2,7	263	18,4	58	1004	162	0	3	2
26/10/2020	4	0,1	2	8	52	10	61	6,3	308	17,2	44	1002	159	0	3	1
27/10/2020	4	0,1	2	7	20	9	59	2,8	285	16,5	41	1006	137	0	2	1
28/10/2020	4	0,1	2	12	66	15	53	1,8	334	17,1	56	1008	148	0	5	3
29/10/2020	4	0,1	2	12	22	15	49	1,7	14	16,3	80	1013	155	0	6	5
30/10/2020	4	0,1	4	15	18	20	41	1,7	18	16,1	76	1013	155	0	6	5
31/10/2020	4	0,1	2	10	18	13	47	1,8	338	16,1	71	1012	152	0	7	6
01/11/2020	4	0,1	1	7	20	9	51	1,2	10	16,3	84	1011	143	0	12	11
02/11/2020	4	0,1	2	11	34	14	43	1,4	299	16	89	1009	141	0	20	19
03/11/2020	4	0,1	2	8	27	11	62	1,6	44	16,8	87	1010	117	0	15	13
04/11/2020	4	0,1	1	7	10	9	51	2,4	32	16,7	79	1006	54	0,6	5	5
05/11/2020	3	0,1	1	4	30	5	69	5,3	59	19,1	85	1006	50	0,5	10	7
06/11/2020	4	0,1	2	7	207	10	48	3,2	61	21,8	61	1005	113	0	16	8
07/11/2020	4	0,1	1	8	119	10	50	2,1	69	19,2	74	1007	126	1,4	11	5
08/11/2020	4	0,1	1	6	8	7	50	2	15	15,4	75	1010	130	0	3	3
09/11/2020	4	0,1	4	14	21	20	34	1,4	355	14,9	86	1009	113	0	9	8
10/11/2020	4	0,1	2	9	19	12	41	1,9	19	15,5	84	1012	133	0	7	6
11/11/2020	4	0,1	2	10	17	13	40	1,9	359	14,2	85	1012	137	0	8	7
12/11/2020	4	0,1	2	10	18	13	44	2,1	18	14,8	78	1009	129	0	6	5
13/11/2020	5	0,1	2	10	33	14	45	1,7	322	17,1	80	1008	106	0	8	6
14/11/2020	5	0,1	1	6	22	7	45	1,7	277	16,5	89	1008	41	0	13	12
15/11/2020	3	0,1	1	7	19	9	37	2,2	289	18,7	74	1008	127	0	9	8
16/11/2020	4	0,1	1	8	16	10	36	2,4	345	19,4	71	1009	107	0	4	3
17/11/2020	4	0,1	2	7	12	9	43	1,6	255	17,6	88	1014	112	0	9	7
18/11/2020	5	0,1	2	9	26	12	38	1,7	305	16,2	91	1014	64	0	21	19
19/11/2020	4	0,1	3	10	33	14	36	1,6	359	15,8	86	1016	90	0	28	26
20/11/2020	4	0,1	3	11	17	15	37	2,1	21	13,7	80	1014	103	0	11	9
21/11/2020	4	0,1	1	6	9	7	48	2,1	17	12,7	78	1016	121	0	6	5
22/11/2020	4	0,1	1	6	10	8	54	2,1	356		79	1015	123	0	7	6
23/11/2020	4	0,1	2	10	12	14	49	2,3	329		99	1015	120	0	8	7
24/11/2020	5	0,1	1	9	15	11	51	2,8	301			1011	107	0	11	10
25/11/2020	4	0,1	2	12	24	15	51	1,9	346			1004	98	0,1	12	11
26/11/2020	4	0,1	1	8	91	10	68	2,8	60			999	53	0	8	4
27/11/2020	3	0,1	1	7	12	8	58	3	71			993	7	4	4	3
28/11/2020	3	0,1	1	3	10	4	54	3,2	333	14,4	73	993	87	0,2	2	2
29/11/2020	3	0,1	1	5	15	7	47	2,2	305	13,5	75	1003	112	0	4	4
30/11/2020	3	0,1	4	11	18	17	37	1,9	15	13,3	86	1009	110	0	9	8
