Red: Red de Vigilancia y Control de la Contaminación Atmosférica
Estación: 03014009-Alacant - Rabassa
	
FECHA	SO2	CO	NO	NO2	PM10	NOx	O3	Veloc.	Direc.	Temp.	H.Rel.	Pres.	R.Sol.	Precip.	PM2.5	PM1
	µg/m³	mg/m³	µg/m³	µg/m³	µg/m³	µg/m³	µg/m³	m/s	grados	°C	% H.R.	mb	W/m²	l/m²	µg/m³	µg/m³
01/01/2019	3	0,1	3	15	7	19	42	2,6	313	11,4	52	1017	134	0	5	5
02/01/2019	3	0,1	8	25	9	37	38	1,9	354	11,9	65	1014	131	0	5	4
03/01/2019	4	0,2	8	25	8	36	30	2	356	9,3	85	1017	37	0,1	5	4
04/01/2019	4	0,1	7	22	10	33	30	2,4	300	9,2	82	1018	126	0,1	7	6
05/01/2019	4	0,1	3	19	15	24	36	2,2	293	9,7	70	1019	128	0	10	10
06/01/2019	5	0,1	5	17	11	24	45	2,1	321	11,6	45	1015	133	0	6	6
07/01/2019	5	0,2	10	24	11	40	35	2,1	10	10,1	69	1016	115	0	7	6
08/01/2019	4	0,2	4	23	12	29	37	2,9	299	10,1	76	1015	131	0	8	7
09/01/2019	3	0,1	6	26	12	35	38	2,2	321	11,9	59	1005	134	0	5	4
10/01/2019	3	0,1	5	23	8	31	48	2,1	8	9,1	50	1006	88	0	3	2
11/01/2019	4	0,1	6	22	13	31	43	2,4	302	6,8	46	1012	139	0	5	4
12/01/2019	4	0,1	3	14	10	18	51	2,3	312	7,7	52	1016	137	0	6	5
13/01/2019	3	0,1	3	16	9	20	48	1,9	340	9,5	62	1013	141	0	5	4
14/01/2019	3	0,2	10	27	11	42	36	2	356	12,4	56	1007	139	0	4	3
15/01/2019	4	0,1	5	22	8	29	42	1,8	6	11,8	73	1009	139	0	5	4
16/01/2019	5	0,1	5	20	13	27	40	2,2	303	10,6	84	1006	131	0	10	9
17/01/2019	4	0,1	3	20	13	25	51	1,6	342	12,1	69	1004	97	0,8	8	8
18/01/2019	3	0,2	7	21	16	31	34	1,7	300	10,3	76	1006	108	0	12	11
19/01/2019	3	0,1	2	10	9	13	61	2,2	286	12,3	52	1003	134	0	5	4
20/01/2019	4	0,1	4	1	6	6	36	2,1	338	11,7	76	998	51	1,1	5	4
21/01/2019	4	0,1	4	5	3	10	51	2,2	330	10,7	57	1005	145	0	2	1
22/01/2019	4	0,1	3	3	8	7	62	5,3	303	10	49	1002	73	0	2	2
23/01/2019	3	0,1			15		71	6,5	278	15,6	49	993	120	0	2	1
24/01/2019	3	0,1			5		70	3,9	336	15,8	45	995	30	0	1	1
25/01/2019	4	0,1			3		51	3,1	316	16,9	45	1002	156	0	1	1
26/01/2019	3	0,1	2	15	4	16	49	2,5	278	13,3	62	1006	158	0	2	2
27/01/2019	3	0,1	1	5	19	6	72	6,9	303	16,9	36	1000	147	0	3	2
28/01/2019	4	0,1	1	5	8	5	72	6,4	289	15	38	1002	150	0	2	1
29/01/2019	4	0,1	1	6	7	6	69	5,9	291	14,8	50	1000	81	0	2	1
30/01/2019	5	0,1	1	7	5	8	72	4,7	285	15,5	45	998	149	0	1	1
31/01/2019	3	0,1	1	16	5	17	54	4,3	235	16	54	991	55	0	2	2
01/02/2019	3	0,1	1	12	4	13	65	4,8	249	15,3	58	984	115	0,4	2	1
02/02/2019	4	0,1	1	3	10	4	82	8,4	300	12,3	36	993	138	0	1	1
03/02/2019	4	0,1	1	2	3	3	76	6,1	322	10,6	32	1008	178	0	1	1
04/02/2019	4	0,1	5	21	11	29	58	2,1	312	9,9	42	1014	184	0	3	2
05/02/2019	5	0,2	8	35	17	47	36	2,1	343	11,2	57	1014	174	0	6	5
06/02/2019	3	0,1			11		35	1,6	352	12,8	65	1012	175	0	5	4
07/02/2019	3	0,2			14		42	1,6	15	14,7	61	1009	162	0	6	5
08/02/2019	4	0,1	8	29	13	41	44	2	340	11,9	79	1010	172	0	9	8
09/02/2019	4	0,1	3	26	14	30	52	1,9	313	13,8	64	1009	182	0	7	7
10/02/2019	4	0,1	2	14	22	18	56	4,1	307	14,9	53	1009	128	0	5	4
11/02/2019	3	0,1	3	15	6	19	63	2,4	23	14,6	69	1014	158	0	2	2
12/02/2019	4	0,2	4	19	7	25	55	2	17	10,9	77	1020	190	0	3	2
13/02/2019	4	0,1	3	19	6	23	58	2,1	15	10,7	75	1020	196	0	3	3
14/02/2019	4	0,1	2	13	5	17	78	2,2	41	12,3	69	1020	156	0	2	2
15/02/2019	3	0,1	3	15	7	19	67	2,1	30	11,5	79	1017	190	0	4	3
16/02/2019	3	0,2	3	14	10	18	59	2,4	16	11,1	65	1015	203	0	5	5
17/02/2019	4	0,1	2	13	8	16	67	2,4	29	10,6	74	1013	164	0	5	4
18/02/2019	4	0,1	3	18	10	24	63	2,6	22	10,9	73	1009	197	0	5	4
19/02/2019	3	0,1	3	16	11	20	77	2,4	28	11,4	69	1009	203	0	5	4
20/02/2019	4	0,1	3	19	12	23	72	1,9	0	11,8	76	1012	204	0	8	7
21/02/2019	3	0,1	3	19	12	24	67	1,9	12	10,9	79	1017	188	0	9	8
22/02/2019	4	0,1	6	31	18	40	44	1,8	312	11,1	78	1018	209	0	12	10
23/02/2019	4	0,1	4	26	19	32	58	1,5	32	14,7	45	1014	213	0	7	5
24/02/2019	4	0,2	2	11	15	14	74	1,8	273	13	66	1019	210	0	8	6
25/02/2019	4	0,1	4	19	14	25	62	1,8	5	11,4	71	1020	217	0	7	6
26/02/2019	4	0,1	4	24	16	30	62	2	291	12,7	49	1017	222	0	6	4
27/02/2019	4	0,1	6	29	28	38	56	1,9	353	12,6	56	1015	226	0	9	7
28/02/2019	4	0,1	10	38	41	54	51	1,4	29	15,2	46	1013	226	0	10	7
01/03/2019	4	0,1	4	31	31	37	60	1,3	208	14,1	66	1010	208	0	17	15
02/03/2019	4	0,1	3	22	30	27	71	1,4	51	14,6	76	1011	205	0	20	19
03/03/2019	3	0,2	3	17	26	21	67	1,6	284	15,7	54	1010	235	0	10	8
04/03/2019	3	0,2	3	17	44	21	75	3,4	283	19,3	44	1005	220	0	8	6
05/03/2019	5	0,1	3	16	20	21	59	1,8	42	17,2	68	1005	123	0	9	7
06/03/2019	4	0,1	8	27	38	39	38	2,2	347	15,6	77	999	113	0	13	10
07/03/2019	4	0,1	3	13	17	17	70	3,4	296	15,1	50	1003	219	0	4	2
08/03/2019	4	0,2	4	18	20	25	66	2,1	355	14,2	52	1010	234	0	5	4
09/03/2019	4	0,1	3	15	15	19	71	2	309	13,1	61	1018	248	0	6	5
10/03/2019	4	0,2	3	19	22	23	69	1,4	27	15,1	58	1016	246	0	7	5
11/03/2019	4	0,1	3	21	30	26	58	1,9	38	14,7	71	1016	231	0	6	4
12/03/2019	6	0,1	5	20	15	27	57	2	289	13,9	76	1014	254	0	6	4
13/03/2019	4	0,1	3	14	27	18	72	2,5	218	16,7	61	1011	219	0	6	4
14/03/2019	4	0,1	3	18	27	23	64	2	358	12,7	61	1015	258	0	5	3
15/03/2019	4	0,1	5	26	30	33	63	1,6	84	15,6	48	1013	263	0	6	4
16/03/2019	5	0,1	5	26	28	33	66	1,7	276	15,4	49	1009	268	0	7	5
17/03/2019	4	0,1	2	11	55	14	81	3,4	316	20,8	29	1003	268	0	7	3
18/03/2019	4	0,1	2	9	12	13	79	2,9	56	13,7	67	1010	56	0	5	3
19/03/2019	4	0,1	2	7	9	11	74	2,3	35	12,5	65	1011	167	0	4	3
20/03/2019	4	0,1	3	14	7	18	71	2,3	22	11,5	65	1015	102	0	3	2
21/03/2019	4	0,1	2	7	10	10	97	3,2	29	13,4	50	1014	231	0	4	3
22/03/2019	4	0,1	3	10	11	14	97	2	38	15,1	51	1013	229	0	5	4
23/03/2019	4	0,1	3	16	19	20	87	1,2	47	15,1	60	1013	124	0	10	9
24/03/2019	4	0,1	2	15	19	19	72	1,8	25	14,5	58	1011	230	0	11	9
25/03/2019	5	0,1	3	17	16	21	77	1,9	40	14,9	50	1007	277	0	8	7
26/03/2019	4	0,1	3	9	23	14	88	4	43	13,5	57	1007	273	0	7	6
27/03/2019	4	0,1	3	11	15	15	91	3,4	49	13,6	51	1011	290	0	4	3
28/03/2019	5	0,1	3	14	15	18	87	2,5	40	12,3	58	1015	293	0	5	4
29/03/2019	4	0,1	2	14	12	18	88	2,7	42	12,4	65	1014	269	0	5	4
30/03/2019	4	0,1	2	9	14	13	93	2,7	35	13	70	1008	269	0	7	5
31/03/2019	4	0,1	2	10	9	13	72	1,2	354	13,5	93	1000	41	9,5	6	5
01/04/2019	4	0,1	4	16	12	21	77	1,1	78	14,7	91	1002	102	1	8	7
02/04/2019	4	0,1	4	15	19	20	72	1,9	224	16,3	83	1002	264	3,8	14	13
03/04/2019	4	0,2	4	18	15	24	62	2,2	286	16,9	75	993	281	0,1	10	9
04/04/2019	5	0,1	3	9	9	14	82	1,9	145	14,1	69	991	305	0	3	2
05/04/2019	3	0,1	4	14	8	20	69	2,6	281	13,4	75	989	222	3,1	4	3
06/04/2019	3	0,1	2	4	2	8	82	3,8	247	13,2	57	993	196	0	1	1
07/04/2019	3	0,1	2	3	9	6	91	5,8	286	16	44	998	300	0	1	1
08/04/2019	3	0,1	3	13	8	18	62	2,4	273	17,6	60	1001	163	0,1	2	2
09/04/2019	3	0,1	3	7	10	11	85	5,6	292	17,1	46	1000	260	0	2	1
10/04/2019	3	0,1	3	6	7	10	85	5	284	16,2	48	1000	256	0	1	1
11/04/2019	4	0,1	2	11	11	15	81	2,2	9	15,5	54	1002	320	0	3	2
12/04/2019	4	0,1	2	11	12	13	88	2,5	8	15,1	55	1004	332	0	5	4
13/04/2019	4	0,2	2	17	12	21	83	1,7	60	15	62	1005	330	0	7	6
14/04/2019	4	0,1	1	8	15	10	99	3,3	287	21,3	39	1003	325	0	5	4
15/04/2019	4	0,1	2	10	17	13	101	1,7	96	18,5	70	1002	284	0	10	8
16/04/2019	4	0,1	4	13	21	18	83	1,8	72	16,6	83	1006	306	0	13	11
17/04/2019	4	0,1	2	11	18	14	81	2,5	40	16,1	77	1004	298	0	8	7
18/04/2019	4	0,1	1	12	18	14	85	2,5	331	17	66	999	54	0,4	5	4
19/04/2019	5	0,1	1	7	3	8	85	1,8	324	13,9	96	1002	19	30,5	3	2
20/04/2019														2		
23/04/2019														0,9		
24/04/2019	5	0,1	2	10	7	13	79	3,1	216	15,6	63	998	344	0	3	2
25/04/2019	4	0,1	4	14	11	21	58	2,4	300	17,4	70	1001	213	0	5	3
26/04/2019	4	0,1	1	8	10	10	78	3	287	17,5	55	1010	357	0	3	2
27/04/2019	6	0,1	1	9	9	11	83	1,5	121	16,8	74	1013	358	0	5	4
28/04/2019	3	0,1	1	8	6	10	69	1,5	91	16,9	59	1010	361	0	3	3
29/04/2019	4	0,1	3	9	8	13	70	1,5	95	16,2	75	1007	356	0	4	3
30/04/2019	4	0,1	3	8	12	13	74	1,4	155	16,8	82	1005	311	0	6	4
01/05/2019	4	0,1	1	4	8	6	82	1,2	69	17,7	72	1003	332	0	4	3
02/05/2019	4	0,1	2	7	14	10	83	2,6	50	18,2	60	1002	319	0	4	3
03/05/2019	5	0,1	2	9	13	12	78	2,4	40	16,3	71	999	308	0,1	4	3
04/05/2019	4	0,1	2	7	6	10	74	2,1	124	15,8	75	1001	334	0	4	3
05/05/2019	3	0,1	1	5	9	7	80	2,4	214	16,6	69	1003	338	0	4	3
06/05/2019	4	0,1	2	9	15	12	72	1,6	178	16,5	82	1006	292	0	8	7
07/05/2019	3	0,1	1	8	26	10	91	1,3	218	18,3	86	1005	272	0	18	17
08/05/2019	4	0,1	4	12	33	17	60	3,1	263	23	61	999	274	0	14	9
09/05/2019	4	0,1	2	11	19	14	56	2,6	250	23,1	62	1001	294	0	6	4
10/05/2019	4	0,1	2	13	18	16	51	2	272	24,7	56	1001	345	0	5	3
11/05/2019	4	0,1	2	9	17	11	67	2,2	74	23	61	1005	347	0	5	4
12/05/2019	4	0,1	1	3	11	4	81	1,8	139	19,4	75	1010	343	0	5	3
13/05/2019	4	0,1	2	6	12	10	78	1,7	99	18,1	74	1008	277	0	5	3
14/05/2019	4	0,1	2	8	16	11	79	2	232	18	67	1006	356	0	5	3
15/05/2019	4	0,1	2	10	21	14	86	1,9	60	19,1	70	999	350	0	7	5
16/05/2019	3	0,1	1	4	13	6	106	1,8	122	19,1	75	998	345	0	5	3
17/05/2019	3	0,1	2	8	56	11	78	5,7	309	20,9	42	994	292	0	6	2
18/05/2019	4	0,1	1	9	7	11	82	1,7	71	18,1	61	997	240	0	3	2
19/05/2019	4	0,1	1	6	5	8	84	2,1	88	17,6	69	998	305	0	3	2
20/05/2019	3	0,1	3	8	8	13	76	1,6	73	18,6	70	1000	330	0	3	2
21/05/2019	3	0,1	1	10	9	12	70	1,5	72	19,2	77	1003	245	0	5	4
22/05/2019	4	0,1	2	11	10	14	70	1,8	150	19,6	68	1005	357	0	4	3
23/05/2019	5	0,1	2	13	15	16	78	2	263	20,8	53	1005	325	0	4	3
24/05/2019	4	0,1	2	13	10	17	78	2,6	43	19,6	62	1001	107	0,1	4	3
25/05/2019	4	0,1	1	8	6	10	73	2,6	19	19	68	1004	161	0	3	3
26/05/2019	4	0,1	1	6	6	8	83	2,3	136	19,9	69	1004	335	0	4	4
27/05/2019	4	0,1	3	11	12	16	83	1,5	139	20,2	75	1000	337	0	7	6
28/05/2019	4	0,1	2	8	12	11	78	1,8	55	20,7	74	1001	340	0	7	6
29/05/2019	4	0,1	2	7	17	10	65	2,4	56	18,8	63	1008	365	0	4	3
30/05/2019	4	0,1	3	8	9	13	63	2,1	195	18,7	65	1013	361	0	3	2
31/05/2019	5	0,1	2	10	9	13	65	1,7	80	19,3	66	1011	364	0	4	3
01/06/2019	5	0,1	2	8	5	11	78	1,8	58	20,2	49	1009	375	0	2	2
02/06/2019	4	0,1	2	6	6	8	86	2	94	21	47	1007	377	0	2	2
03/06/2019	3	0,1	2	10	7	13	81	1,7	181	20,9	64	1005	355	0	3	2
04/06/2019	3	0,1	2	10	9	13	77	1,9	191	20,8	72	999	364	0	5	4
05/06/2019	3	0,1	2	10	42	13	65	3,7	312	23,5	45	996	330	0	8	4
06/06/2019	4	0,1	2	7	14	10	81	2,2	78	20,8	65	1000	355	0	3	2
07/06/2019	4	0,1	3	13	13	17	80	1,6	79	21,6	65	1002	355	0	4	3
08/06/2019	5	0,1	1	7	22	9	80	3,5	47	22,2	59	1006	342	0	5	3
09/06/2019	4	0,1	1	7	12	9	78	1,6	67	22,6	64	1002	214	0	3	2
10/06/2019	4	0,1	1	7	8	9	88	1,8	107	22,2	70	1000	344	0	3	2
11/06/2019	4	0,1	2	8		10	77	2,6	52	19,8	71	998	270	0		
12/06/2019	4	0,1	2	5		8	76	2,7	59	19,6	67	1001	360	0		
13/06/2019	4	0,1	2	5		7	85	3,2	59	22,4	65	998	334	0		
14/06/2019	4	0,1	2	11		14	80	2,4	174	22,9	63	999	304	0,1		
15/06/2019	4	0,1	2	7		10	90	2,2	350	23,7	45	1004	374	0		
16/06/2019	4	0,1	1	5		7	85	2	43	21,5	63	1006	257	0		
17/06/2019	5	0,1	2	12		16	75	2	209	21,5	66	1004	371	0		
18/06/2019	4	0,1	3	12		17	76	1,6	181	21,5	68	1002	371	0		
19/06/2019	4	0,1	3	13		17	75	1,3	130	24	64	1000	361	0		
20/06/2019	4	0,1	2	9	33	11	71	1,5	120	22	83	999	236	0	15	11
21/06/2019	4	0,1	2	8	28	11	75	1,5	175	22,7	83	1001	292	0	18	15
22/06/2019	4	0,1	2	8	22	11	70	1,4	116	22,9	78	1003	338	0	14	12
23/06/2019	4	0,1	2	8	21	11	72	1,8	58	23,5	66	1001	356	0	9	7
24/06/2019	4	0,1	2	5	20	7	87	1,9	172	24,2	61	1001	354	0	7	5
25/06/2019	4	0,1	2	6	26	9	73	1,7	168	23,7	79	1003	339	0	14	11
26/06/2019	4	0,1	2	11	42	13	72	1,7	152	25,7	75	1004	338	0	20	15
27/06/2019	3	0,1	2	10	55	13	87	3,2	52	28,7	47	1004	324	0	10	6
28/06/2019	3	0,1	2	13	33	16	82	1,7	34	28	48	1004	358	0	9	6
29/06/2019	4	0,1	2	9	19	12	86	1,6	59	28,4	44	1002	364	0	8	7
30/06/2019	4	0,1	2	6	22	8	90	2,2	57	28,3	42	1004	357	0	7	5
01/07/2019	3	0,1	2	9	32	12	85	2,1	120	25,7	72	1003	309	0	16	13
02/07/2019	3	0,1	2	3	28	6	89	2	88	25,6	79	1002	303	0	17	14
03/07/2019	4	0,1	2	7	32	10	87	2,2	58	25,8	61	1001	352	0	10	8
04/07/2019	4	0,1	3	10	40	14	81	2,2	82	26,3	64	1003	323	0	11	8
05/07/2019	4	0,1	2	6	30	9	73	1,5	130	26	78	1003	316	0	17	15
06/07/2019	4	0,1	2	7	46	9	66	1,4	148	27,7	75	1001	250	0	23	18
07/07/2019	4	0,1	2	8	55	10	74	1,3	127	29,9	56	999	232	0	16	10
08/07/2019	4	0,1	2	11	44	15	66	1,2	105	26,4	77	998	148	0,1	17	10
09/07/2019	4	0,1	2	10	32	13	75	1,7	82	26,2	59	999	350	0	11	7
10/07/2019	4	0,1	2	11	31	14	78	1,6	62	25,6	62	1002	347	0	8	6
11/07/2019	4	0,1	2	10	28	12	86	1,7	100	26,5	52	1002	340	0	6	3
12/07/2019	4	0,1	3	17	27	22	71	1,5	97	27,8	45	1002	322	0	5	3
13/07/2019	4	0,1	2	7	23	10	79	1,8	91	28,1	61	1001	258	0	7	5
14/07/2019	5	0,1	1	4	24	6	83	1,7	80	27,4	75	998	333	0	13	10
15/07/2019	4	0,1	2	7	34	10	69	1,9	73	26,7	77	999	324	0	17	13
16/07/2019	4	0,1	1	4	25	6	76	1,9	81	26,7	72	1003	290	0	11	9
17/07/2019	5	0,1	2	9	37	12	81	1,8	64	26,1	58	1001	335	0	7	4
18/07/2019	4	0,1	3	9	23	13	73	1,5	105	25,6	64	1002	336	0	6	4
19/07/2019	4	0,1	2	7	28	10	85	2,2	57	26,4	61	1002	339	0	7	4
20/07/2019	5	0,1	2	7	39	10	91	2,7	49	28,7	45	1002	304	0	8	5
21/07/2019	4	0,1	1	5	29	7	87	3	56	28,8	47	1006	323	0	8	5
22/07/2019	5	0,1	2	9	36	12	81	2,6	46	28,3	47	1007	323	0	8	5
23/07/2019	5	0,1	3	10	43	14	76	2,1	44	28,6	39	1004	332	0	9	6
24/07/2019	5	0,1	3	14	34	19	82	1,8	50	28,9	36	1003	325	0	7	5
25/07/2019	4	0,1	3	11	42	15	82	1,8	65	28	50	1001	328	0	10	7
26/07/2019	5	0,1	3	11	33	15	75	1,3	92	26,6	69	997	289	0	16	13
27/07/2019	4	0,1	2	5	61	8	65	4,4	294	30,4	41	993	319	0	10	6
28/07/2019	6	0,1	1	3	18	5	66	2,3	130	26,7	65	997	307	0	5	4
29/07/2019	5	0,1	2	8	16	12	57	1,9	211	25,5	71	998	327	0	7	5
30/07/2019	4	0,1	2	7	18	11	59	1,7	77	25,6	79	1000	225	0	10	7
31/07/2019	4	0,1	2	6	24	8	70	3,4	56	25,9	69	1002	196	0	7	5
01/08/2019	4	0,1	2	9	29	12	71	1,7	206	25,9	69	1000	236	0	8	5
02/08/2019	4	0,1	2	8	18	11	78	1,6	122	26,3	78	1001	294	0	8	6
03/08/2019	3	0,1	1	6	15	8	80	1,3	81	26,3	74	1002	306	0	7	5
04/08/2019	3	0,1	1	5	25	7	70	1,4	150	26,5	73	1001	301	0	9	6
05/08/2019	4	0,2	2	7	27	10	60	1,2	125	26,8	82	1001	265	0	14	9
06/08/2019	4	0,1	2	9	29	13	67	1,2	184	27,4	81	999	303	0	16	13
07/08/2019	5	0,1	3	19	50	23	72	1,4	11	29,1	61	998	257	0	14	10
08/08/2019	4	0,2	2	13	29	16	66	1,5	140	28,1	64	1000	295	0	10	8
09/08/2019	4	0,2	4	24	55	30	63	1,6	140	29,8	50	1000	317	0	8	4
10/08/2019	5	0,1	2	13	40	17	60	1,3	92	29,3	63	1002	293	0	9	6
11/08/2019	5	0,2	1	5	21	7	56	1,4	164	27,6	83	1001	237	0,4	14	11
12/08/2019	5	0,2	2	6	24	9	65	2,7	87	28	67	1001	269	0	9	6
13/08/2019	5	0,1	1	2	24	4	78	2,6	75	26,3	65	1005	256	0	6	4
14/08/2019	3	0,1	2	5	18	8	62	2	211	25,4	75	1006	300	0	6	4
15/08/2019	4	0,1	2	8	15	10	60	1,4	129	26,2	71	1005	299	0	7	5
16/08/2019	4	0,1	2	10	15	13	54	1,5	72	25,8	68	1005	301	0	6	4
17/08/2019	4	0,1	2	9	14	12	49	1,5	167	26,4	68	1002	298	0	6	4
18/08/2019	4	0,1	2	8	15	11	52	1,3	108	26,8	72	1000	297	0	8	6
19/08/2019	3	0,1	2	7	22	10	63	1,9	88	26,6	76	1001	249	0	11	8
20/08/2019	4	0,2	2	6	19	8	67	2,1	55	27,1	76	1003	224	0	10	8
21/08/2019	4	0,1	2	5	12	8	72	2,8	62		100	1006	271	3,9	5	3
22/08/2019	5	0,1	3	11	11	15	62	1,7	54		91	1007	299	1,6	5	4
23/08/2019	5	0,1	2	11	12	14	68	1,7	20		83	1007	248	0,4	6	4
24/08/2019	4	0,1	2	7	13	10	62	1,7	45		80	1006	288	0	8	7
25/08/2019	4	0,1	2	5	13	8	66	1,8	58		81	1005	265	0	10	10
26/08/2019	4	0,1	2	5	17	8	74	2,8	58		82	1003	197	1	12	11
27/08/2019	5	0,1	3	12	14	16	52	1,7	317		93	1002	142	14,1	10	8
28/08/2019	4	0,1	3	10	15	14	63	1,3	44		98	1004	280	0	10	9
29/08/2019	4	0,1	3	11	17	16	59	1,1	43		81	1007	244	0	11	10
30/08/2019	3	0,1	3	13	16	17	55	1,4	254	24,3	69	1007	247	0	9	8
31/08/2019	5	0,1	2	10	15	13	57	1,6	255	24,6	70	1003	273	0	10	9
01/09/2019	5	0,1	2	8	16	10	62	1,5	154	25,1	74	1002	258	0	11	9
02/09/2019	5	0,1	2	9	12	11	71	1,2	68	24,4	80	1005	146	0,2	8	7
03/09/2019	4	0,1	2	6	10	9	61	1,5	90	24,2	79	1008	262	0	5	4
04/09/2019	3	0,1	2	7	10	11	56	1,5	229	24,3	78	1006	247	0	5	3
05/09/2019	4	0,1	3	8	12	12	61	1,6	53	23,7	79	1005	207	0	5	3
06/09/2019	5	0,1	2	6	13	8	66	1,8	69	23,5	75	1006	239	0	5	3
07/09/2019	4	0,1	2	3	9	6	70	1,5	67	22,2	81	1006	166	31,9	4	3
08/09/2019	5	0,1	2	5	8	8	61	1,5	46	22	75	1005	212	0	3	2
09/09/2019	4	0,1	3	9	15	13	53	2,1	252	22,5	77	1003	229	0	6	4
10/09/2019	4	0,1	3	8	19	13	52	3	329	21,9	54	998	207	0,9	4	3
11/09/2019	5	0,1	2	4	3	6	70	3,8	17	18,5	66	1004	168	8,6	1	1
12/09/2019	4	0,1	2	6	5	9	79	3,6	19	19,1	93	1009	11	50,3	4	3
13/09/2019	4	0,1	2	5	10	7	79	3,8	49	22	79	1009	104	1,3	6	4
14/09/2019	3	0,1	2	4	13	7	76	2,2	22	22,8	76	1008	88	9	6	4
15/09/2019	4	0,1	2	5	27	7	62	1,9	47	24,1	79	1005	212	0	13	9
16/09/2019	5	0,1	4	10	31	15	48	1,3	239	23,1	85	1005	236	0	16	11
17/09/2019	3	0,1	5	13	31	20	42	1,2	335	22,6	90	1004	160	0	18	15
18/09/2019	3	0,1	4	12	26	18	60	1	30	22,9	84	1002	238	0	17	14
19/09/2019	5	0,1	3	8	20	12	71	1,3	72	22,3	82	1004	228	0	12	10
20/09/2019	5	0,1	2	7	24	11	56	2,3	54	22,8	85	1003	184	0	13	11
21/09/2019	4	0,1	2	7	21	9	51	1,8	258	23,9	82	1000	203	0	13	10
22/09/2019	5	0,1	2	10	21	14	47	1,2	177	24,1	82	1001	213	0	13	11
23/09/2019		0,1	2	7	9	9	64	1,9	29	23,4	63	1006	210	0	3	2
24/09/2019			3	15	16	19	54	2,7	283	23,7	67	1004	231	0	5	3
25/09/2019			3	11	17	16	55	2,3	336	25,2	62	1003	228	0	4	2
26/09/2019			3	11	10	16	53	1,4	27	22,2	83	1006	210	0	5	4
27/09/2019			4	13	14	18	50	1,6	253	22	84	1006	219	0	7	5
28/09/2019			2	10	18	13	66	1,1	60	22,3	87	1007	173	0	12	11
29/09/2019			2	7	14	9	59	1,9	261	22,3	84	1005	216	0	10	9
30/09/2019			7	16	26	27	54	1,4	26	22	84	1004	211	0	15	13
01/10/2019			4	18	33	24	58	1,7	327	23,6	74	999	200	0	17	15
02/10/2019			2	13	27	16	59	2,6	305	23,9	52	1002	203	0	4	2
03/10/2019			3	14	21	19	55	1,9	339	20,7	67	1004	204	0	4	3
04/10/2019			3	20	17	24	61	1,6	13	20,7	70	1004	219	0	5	3
05/10/2019			2	13	16	15	71	1,6	28	21,2	77	1003	199	0	6	5
06/10/2019			2	9	14	11	69	1,3	360	21,1	86	1005	192	0	9	8
07/10/2019	4	0,2	3	14	21	18	58	1,7	46	21,5	79	1004	168	0	10	8
08/10/2019	5	0,1	3	12	13	16	48	2	285	20,6	81	1007	148	0	6	5
09/10/2019	5	0,1	2	6	9	8	61	1,6	15	20,9	80	1005	192	0	4	3
10/10/2019	5	0,1	3	7	9	11	71	1,7	68	22,3	78	1008	178	0	3	2
11/10/2019	4	0,1	3	9	8	14	52	1,8	45	21,4	82	1008	184	0	3	2
12/10/2019	4	0,2	2	6	12	9	61	2,3	38	21,5	83	1005	141	0	6	5
13/10/2019	4	0,2	2	8	16	11	61	1,7	345	21,3	81	1004	181	0	7	6
14/10/2019	5	0,1	3	14	16	19	54	2,2	326	20,6	84	1001	91	7,7	8	7
15/10/2019	4	0,1	3	13	13	17	50	4,3	303	17,9	46	1006	196	0	2	1
16/10/2019	4	0,2	3	14	14	18	51	2,6	292	17,2	60	1007	188	0	3	2
17/10/2019	4	0,2	4	20	23	27	52	2,4	288	19,1	58	1005	182	0	5	3
18/10/2019	3	0,2	4	21	31	27	58	2	267	20,8	58	1003	161	0	5	3
19/10/2019	4	0,2	2	12	17	16	61	1,7	204	19,4	75	997	173	0	7	6
20/10/2019	4	0,1	2	10	9	13	44	2,5	309	17,6	70	998	78	0,2	4	4
21/10/2019	4	0,1	4	17	19	23	45	1,6	23	15,7	74	1004	66	1,9	4	2
22/10/2019	5	0,1	2	12	2	15	52	2,8	293	13,2	93	997	19	23,8	2	2
23/10/2019	6	0,1	3	11	5	15	54	2,7	255	14,5	66	996	126	0	2	2
24/10/2019	6	0,1	3	9	8	13	53	3,9	294	16,8	58	1005	170	0	2	1
25/10/2019	6	0,1	4	17	13	24	47	2,1	302	16,9	68	1009	166	0	5	4
26/10/2019	6	0,1	3	16	11	20	47	1,5	18	16,7	81	1008	164	0	7	6
27/10/2019	6	0,1	2	9	10	13	52	1,9	327	16,8	84	1009	158	0	8	8
28/10/2019		0,1	5	15	17	22	40	2,3	283	16,2	87	1005	101	0	13	12
29/10/2019		0,2	7	27	23	37	37	1,4	2	18,9	82	1004	147	0	12	10
30/10/2019		0,1	8	21	19	33	45	1,4	12	18,8	85	1008	139	0	11	10
31/10/2019		0,1	3	12	14	17	48	3,7	286	23,4	54	1008	142	0	3	2
01/11/2019	3	0,1	3	7	11	10	47	3,8	295	24	56	1005	122	0	2	2
02/11/2019	3	0,1	2	4	11	7	56	3,7	261	22,7	51	997	132	0	3	2
03/11/2019	3	0,1	2	3	13	5	68	5,8	278	21,7	47	993	151	0	2	1
04/11/2019	3	0,1	2	4	13	6	68	5,4	279	21,5	47	997	147	0	2	1
05/11/2019	4	0,1	2	6	14	10	66	5,3	287	17,6	47	998	150	0	2	1
06/11/2019	4	0,1	4	12	15	18	48	4,8	301	16,7	45	1001	150	0	2	1
07/11/2019	4	0,1	2	8	9	11	58	3,4	258	16,4	47	998	120	0,1	2	
08/11/2019	5	0,1	3	8	25	12	59	7,2	302	13,9	43	1001	143	0	2	
09/11/2019	5	0,1	3	8	13	12	57	4,9	283	14,7	44	1005	144	0,1	2	
10/11/2019	6	0,1	3	6	13	10	61	6,1	303	14,2	46	1000	144	0	2	
11/11/2019	4	0,1	3	9	9	13	53	3,2	314	13,2	47	1000	105	0	2	
12/11/2019	5	0,1	3	8	16	11	64	4,5	313	15	39	999	138	0	2	
13/11/2019	4	0,1	3	9	19	13	50	3,4	249	16,8	62	996	126	0,1	3	
14/11/2019	3	0,1	5	11	10	19	46	3,9	280	12,7	68	990	27	0,1	3	3
15/11/2019	3	0,1	2	8	12	12	54	3,5	280	11,6	49	992	104	0	2	2
16/11/2019	3	0,1	2	7	10	10	56	3,8	315	12	45	998	123	0	2	1
17/11/2019	3	0,1	2	2	6	4	67	4,6	262	12,8	50	1000	110	3	2	2
18/11/2019	3	0,1	2	10	5	13	48	2,6	332	12,1	66	998	105	1,8	2	1
19/11/2019	3	0,1	3	16	18	21	42	2,7	307	10,6	53	1003	121	0	3	2
20/11/2019	3	0,1	5	18	19	25	38	2,1	302	10,8	72	999	116	0,5	7	6
21/11/2019	3	0,1	12	24	22	42	22	1,5	319	11,5	82	996	71	0,8	12	11
22/11/2019	3	0,1	9	23	16	36	18	1,2	311	11,3	96	990	18	10	13	12
23/11/2019	4	0,2	2	8	18	11	62	6,4	300	13,5	58	988	60	0,1	2	2
24/11/2019	4	0,2	3	9	14	14	58	7	298	13,5	50	999	99	0	2	1
25/11/2019		0,1	2	7	8	10	55	3,7	266	16,9	60	1001	114	0	1	1
26/11/2019		0,1	2	14	25	17	47	2,7	270	17,2	64	1000	106	0	4	3
27/11/2019		0,1	5	10	16	19	45	3,5	292	17,4	58	999	123	0	2	2
28/11/2019		0,1	2	9	20	12	57	3	270	15,7	58	1004	111	0	3	2
29/11/2019		0,1	4	17	21	22	49	2,4	314	17,7	59	1006	109	0	2	2
30/11/2019		0,1	3	10	9	13	40	2,2	279	14,6	78	1006	112	0	5	4
01/12/2019		0,2	4	14	11	20	37	1,4	17	13,2	82	999	101	0	8	7
02/12/2019		0,1	3	10	4	14	57	2,6	53	13,1	87	1000	40	17	2	2
03/12/2019	3	0,2	2	5	3	8	57	5,3	40	11,7	77	999	9	7	2	1
04/12/2019	3	0,1	3	17	8	22	47	2,2	340	11,6	84	993	43	16,4	2	2
05/12/2019	3	0,2	8	19	11	31	33	1,3	28	12,4	84	1003	106	0,3	4	3
06/12/2019	3	0,1	3	12	11	17	34	1,5	357	12,4	83	1009	105	0	6	6
07/12/2019	3		3	12	15	16	36	1,6	342	11	85	1011	101	0	8	7
08/12/2019	3		2	10	20	13	44	1,7	352	12,7	72	1010	106	0	6	5
09/12/2019	4	0,1	2	8	20	11	51	3,5	307	15,7	49	1012	93	0,1	3	2
10/12/2019	4		10	23	30	38	38	1,5	344	12,4	58	1012	109	0	5	3
11/12/2019	4		2	7	31	10	50	4,4	312	12,7	51	1008	92	0	4	2
12/12/2019	4		2	5	10	7	61	4,5	293	12,6	51	1005	54	0	2	2
13/12/2019	5	0,1	2	2	19	4	70	6,2	277	17,4	53	1000	35	0,1	1	1
14/12/2019	5		2	7	12	9	62	3,4	311	15,9	55	1003	82	0	2	2
15/12/2019	5		3	11	15	16	47	1,5	313	11,9	70	1002	96	0	5	4
16/12/2019			11	23	19	39	28	1,3	18	11,2	89	994	50	0	11	10
17/12/2019			14	26	97	47	26	1,4	1	13,7	81	993	51	0	19	13
18/12/2019			3	14	19	18	51	2,9	317	13,4	55	1004	97	0	2	2
19/12/2019			13	26	34	46	25	1,6	304	10,4	76	1003	45	0	9	8
20/12/2019			7	21	9	33	30	2,4	256	14,3	89	993	6	0,6	6	6
21/12/2019			4	11	9	18	40	4,4	222	18,1	72	993	86	0	4	3
22/12/2019			2	1	14	3	77	7,3	271	19,2	40	1003	98	0	3	2
23/12/2019	3		1	8	13	11	65	3,6	289	17,1	48	1013	102	0,3	3	2
24/12/2019	3		3	12	14	16	43	2,5	311	15,7	61	1014	105	0	5	4
25/12/2019	3		2	12	9	15	33	1,9	347	13,1	72	1012	103	0	6	6
26/12/2019	3		10	28	20	43	25	1	33	14,6	65	1012	92	0	6	6
27/12/2019	3		6	15	16	25	31	1,9	315	11,4	83	1017	95	0	7	6
28/12/2019	3		4	15	19	21	30	1,3	352	9,3	92	1018	84	0	12	10
29/12/2019	3		2	11	15	14	35	1,9	337	9,6	89	1019	56	0,1	10	9
30/12/2019	3		3	11	14	16	41	1,9	346	10,3	82	1020	95	0	9	8
31/12/2019	3		2	9	21	12	41	2	319	9,5	86	1020	65	0	14	14
