Red: Red de Vigilancia y Control de la Contaminación AtmosféricaEstación: 03014009-Alacant - Rabassa
	
FECHA	SO2	CO	NO	NO2	PM10	NOx	O3	Veloc.	Direc.	Temp.	H.Rel.	Pres.	R.Sol.	Precip.	PM2.5	PM1
	µg/m³	mg/m³	µg/m³	µg/m³	µg/m³	µg/m³	µg/m³	m/s	grados	°C	% H.R.	mb	W/m²	l/m²	µg/m³	µg/m³
06/03/2017														0		
07/03/2017	3		2	11	9	13	77	2,9	312	21,5	42	1004	218	0	3	2
08/03/2017	3		4	18		23	65	0,9	246	17,4	59	1008	225	0		
09/03/2017	3		6	29		38	48	1,1	303	18	66	1007	240	0		
10/03/2017	3		5	30		37	50	1,5	352	19,5	44	1002	223	0		
11/03/2017	3		3	24		26	66	0,7	222	15,3	80	999	230	0		
12/03/2017	3		2	13		14	77	1	97	15,3		996	209	3,4		
13/03/2017	3		2	8		10	88	3,2	38	11,5		998	29	42,9		
14/03/2017	3		2	8		9	95	2,8	60	15,8	66	1006	153	0		
15/03/2017	3	0,2	2	18		20	81	1,5	51	15,1	60	1006	256	0		
16/03/2017	3	0,3	2	17		19	67	1,2	32	13	75	1005	257	0		
17/03/2017	3		3	15		18	71	1,3	39	13,3	74	1004	221	0		
18/03/2017	3		2	14		16	68	1	283	13,4	72	1003	257	0		
19/03/2017														0		
20/03/2017														0		
21/03/2017	4		4	22	29	27	52	1	54	16,5	79	996	221	0	22	19
22/03/2017	4		2	13	9	15	64	1,5	276	16,7	60	995	216	0	5	4
23/03/2017	3				7		75	2,3	281	12,5	48	993	189	0	3	2
24/03/2017	3				8		66	1,1	282	11,5	58	995	145	0	4	3
25/03/2017	3		4	14	6	20	62	1,5	238	12,1	68	998	265	0	5	4
26/03/2017	3	0,2	4	10	7	16	65	1,4	31	13,7	77	998	267	0	5	4
27/03/2017	3	0,2	5	19	9	27	64	1,3	328	15,8	65	1002	225	0	5	3
28/03/2017	3	0,3	7	21	10	32	55	1	245	14,7	80	1008	211	0	8	6
29/03/2017	4	0,2	6	20	14	29	50	0,9	343	14,6	83	1008	270	0	11	9
30/03/2017	3	0,2	5	21	10	28	57	1	37	15	67	1007	268	0	7	5
31/03/2017	3	0,2	6	29	16	38	51	0,9	342	15,1	70	1002	242	0	10	7
01/04/2017	3	0,1	2	11	11	14	70	2,6	310	18,5	44	1000	280	0	4	2
02/04/2017	3	0,1	2	10	7	13	67	1,5	332	15,8	52	1001	284	0	3	2
03/04/2017														0		
04/04/2017	5	0,2	5	22	15	29	59	0,9	195	16,9	61	1003	361	0	7	4
05/04/2017	3	0,2	4	13	9	20	59	1,4	27	15,1	63	1000	227	0	6	5
06/04/2017	3	0,2	3	16	10	20	66	0,8	86	15,2	66	1001	267	0	7	6
07/04/2017	3	0,2	4	14	13	21	66	1,5	32	14,7	65	1001	289	0	11	9
08/04/2017	3	0,2	2	11	14	14	66	1	34	14,5	73	1003	291	0	12	11
09/04/2017	3	0,2	2	8	12	10	60	1,1	44	14,7	79	1006	295	0	11	10
10/04/2017	3	0,2	3	12	14	15	59	1	35	14,6	78	1006	293	0	12	11
11/04/2017	4	0,2	3	18	17	22	53	1,1	266	16	68	1003	302	0	11	9
12/04/2017	3	0,2	4	17	14	23	55	0,9	202	16,1	71	1001	309	0	11	9
13/04/2017	3	0,2	3	17	23	22	54	0,6	35	17,8	78	998	277	0	18	16
14/04/2017	4	0,2	2	14	19	17	68	0,7	41	20,8	58	998	262	0	13	10
15/04/2017	3	0,2	2	11	25	15	56	0,7	80	17,5	85	999	263	0	20	16
16/04/2017	3	0,2	2	8	19	10	57	0,8	198	17,4	85	1003	237	0	16	14
17/04/2017	3	0,1	3	11	14	16	48	0,8	51	17,7	76	999	294	0	11	9
18/04/2017	4	0,2	3	12	11	16	52	0,9	62	17,8	79	997	290	0	9	6
19/04/2017	4	0,1	2	5	9	7	79	2,4	69	16,8	70	1000	180	0	6	4
20/04/2017	4	0,1	2	6	7	9	93	2,4	57	14,8	56	1005	221	0	4	3
21/04/2017	4	0,1	2	8	6	11	99	2,3	53	14,4	58	1008	301	0	4	3
22/04/2017	3	0,1	2	7	5	9	94	1,3	49	14,4	66	1005	256	0	4	3
23/04/2017	3	0,2	2	8	7	11	90	0,9	52	14,3	75	1000	313	0	6	5
24/04/2017	3	0,2	3	13	11	17	87	0,7	86	16	76	998	289	0	8	7
25/04/2017	3	0,2	3	19	19	24	69	0,9	196	17,3	78	992	209	0	14	11
26/04/2017	3		5	17	21	25	74	0,9	70	19,2	71	989	195	0	15	11
27/04/2017	3		2	6	4	8	71	1,2	40	15	82	993	53	2,5	3	3
28/04/2017	4		2	10	3	13	77	1,1	42	12,7	78	998	49	1	3	2
29/04/2017	3		2	6	5	9	91	0,7	79	14,8	71	997	130	0	4	3
30/04/2017	3	0,1	2	6	9	9	74	1,7	249	18,7	69	994	299	0	7	5
01/05/2017	3	0,1	2	6	3	8	96	1,9	358	17,3	54	1001	332	0	2	1
02/05/2017	3	0,1	3	10	6	15	65	1	215	15,7	77	1001	329	0	4	3
03/05/2017	3	0,1	3	10	5	14	66	0,9	52	16,4	78	998	330	0	4	3
04/05/2017	3	0,1	3	8	7	12	71	0,9	62	17,3	76	994	307	0	5	3
05/05/2017	3	0,1	4	12	16	17	65	1,1	179	19,2	79	992	294	0	11	7
06/05/2017	3	0,1	2	8	8	11	81	2,3	290	21	53	998	342	0	4	3
07/05/2017	3	0,1	2	8	6	11	73	0,8	140	19	61	1001	336	0	4	3
08/05/2017	3	0,1	3	16	11	20	70	1	217	19,6	54	998	335	0	4	3
09/05/2017	3	0,1	4	15	7	21	78	0,7	56	20,5	53	991	330	0	4	2
10/05/2017	3	0,1	3	11	12	15	67	0,9	109	19,4	76	986	307	0	7	5
11/05/2017	4		5	16	16	24	52	1,3	218	20	72	985	110	0	9	6
12/05/2017	4		2	8	9	11	77	2,8	262	21,9	47	991	214	0	3	2
13/05/2017	3		2	10	6	14	69	1,4	241	21,5	55	998	346	0	3	2
14/05/2017	3		2	6	5	9	77	1,4	42	22,4	46	1004	346	0	3	2
15/05/2017	4		3	13	8	19	62	1	53	20,7	63	1008	335	0	5	4
16/05/2017	3				9		62	1	38	21	60	1006	269	0	6	5
17/05/2017	4				7		81	1,5	39	21,4	48	1001	321	0	4	3
18/05/2017	4	0,1	4	13	8	19	74	1,3	97	20,2	60	995	314	0	5	3
19/05/2017	4	0,1	2	6	6	9	72	1,2	104	19,2	73	1001	326	0	4	3
20/05/2017	3		2	8	5	10	70	1,3	61	19,1	68	1004	357	0	4	3
21/05/2017	4		2	6	7	8	76	1,4	47	19,3	64	1002	260	0	5	4
22/05/2017	4		2	9	8	12	72	1,4	54	20,8	63	998	328	0	4	3
23/05/2017	3		3	10	10	15	72	1,3	96	21,2	64	1000	349	0	6	3
24/05/2017	4		3	11	9	16	73	1,3	51	21,1	63	1001	351	0	5	4
25/05/2017	4		3	10	9	14	83	1,1	64	22,4	51	997	333	0	5	3
26/05/2017	4	0,1	3	10	8	13	84	1,9	52	23,2	50	996	332	0	5	3
27/05/2017	4	0,1	2	6	10	9	90	2,2	63	24,1	51	998	346	0	6	4
28/05/2017	4		2	5	7	8	102	2,8	49	23,7	45	999	344	0	4	2
29/05/2017	4		2	9	10	12	78	1,2	238	21,1	68	997	200	0,1	7	5
30/05/2017	3		2	8	13	11	71	1,2	94	21,4	76	998	265	0	10	7
31/05/2017	3	0,2	2	7	14	10	69	1,5	62	21,7	75	1000	332	0	11	10
01/06/2017	4	0,2	2	8	13	11	63	1,1	55	22,2	73	1000	344	0	11	9
02/06/2017	4	0,2	3	11	13	15	57	1	63	22,3	72	999	348	0	10	9
03/06/2017	4	0,2	2	7	11	10	65	1,2	69	23	66	997	312	0	8	6
04/06/2017	3	0,1	2	4	13	7	69	1,8	133	23	73	996	240	0	10	8
05/06/2017	3	0,2	2	5	7	8	80	1,5	194	21,7	67	996	346	0	4	3
06/06/2017	4	0,1	2	7	14	11	72	1,5	151	24,3	68	995	352	0	9	7
07/06/2017	3	0,1	2	6	11	8	63	1,6	66	22,5	80	1001	335	0	8	6
08/06/2017	3	0,1	2	6	9	9	58	1,4	56	22,1	74	999	355	0	6	4
09/06/2017	3	0,1	2	6	9	8	56	0,9	82	22,1	79	997	299	0	7	4
10/06/2017	3	0,1	2	5	9	7	57	0,8	84	22,6	82	999	323	0	7	5
11/06/2017	3	0,1	2	5	7	7	70	1,2	42	24,2	53	999	361	0	4	3
12/06/2017	4	0,1	2	6	7	10	75	1,4	56	24,6	54	997	356	0	4	3
13/06/2017	3		2	5	9	8	85	2	49	25,8	52	995	352	0	5	3
14/06/2017	3		2	7	12	10	81	1,2	57	26	53	996	351	0	6	5
15/06/2017	3		2	7	18	10	58	0,9	65	25,1	71	997	341	0	14	11
16/06/2017	3		2	7	16	10	76	1	61	27,5	53	1000	341	0	10	8
17/06/2017	3		2	6	11	8	77	1,2	94	26,8	54	999	345	0	7	6
18/06/2017	3		2	6	8	8	79	0,8	57	27,3	52	997	347	0	5	4
19/06/2017	3	0,1			13		62	1,3	65	25,2	73	1000	325	0	10	8
20/06/2017	4	0,1			9		73	1,2	63	25,6	62	1000	343	0	6	4
21/06/2017	4	0,1			10		61	0,9	109	25,7	59	998	338	0	5	3
22/06/2017	4	0,1			11		53	1,1	193	26	61	1000	342	0	5	3
23/06/2017	4	0,1			13		65	1,3	212	26,1	61	1001	336	0	8	6
24/06/2017	4				17		67	0,8	152	26,4	71	999	328	0	14	12
25/06/2017	3				13		73	1,7	58	27,2	60	996	306	0	10	8
26/06/2017	3				16		62	1,3	183	26,8	66	992	336	0	10	6
27/06/2017	4				24		52	0,9	79	26,3	75	989	218	0,2	17	12
28/06/2017	3	0,1			12		66	4,3	277	29,8	29	989	291	0	3	1
29/06/2017	3	0,2			11		85	3,1	311	25,8	46	991	354	0	8	6
30/06/2017	3	0,2			10		83	2,3	128	24,4	44	995	351	0	3	2
01/07/2017	4	0,1			6		61	1,6	52	21,1	69	1001	206	5,4	4	2
02/07/2017	3	0,1			3		56	1,5	82	22,1	67	1004	351	0	2	2
03/07/2017	4	0,1			3		53	1,1	72	23	68	1003	359	0	2	2
04/07/2017	3	0,1			5		46	1,6	59	23,9	68	1000	360	0	2	1
05/07/2017	3	0,1			15		48	1,4	62	24,5	75	997	341	0,1	5	3
06/07/2017	4	0,1	5	14	35	21	57	1,3	88	26,8	65	997	237	0	10	6
07/07/2017	3	0,1	5	16	62	24	54	2	56	25,7	72	996	165	3,6	21	10
08/07/2017	3	0,1	4	12	44	19	65	1,5	242	26,8	67	995	342	0	20	12
09/07/2017	3	0,1	4	14	40	20	79	1,1	154	27,2	58	994	343	0	14	9
10/07/2017	3	0,1	4	17	43	23	64	0,8	82	26,4	64	994	347	0	15	11
11/07/2017	3	0,1	5	16	41	23	69	1	190	26,4	61	996	335	0	13	9
12/07/2017	3	0,2	5	15	37	22	45	0,8	121	26,6	76	998	331	0	16	10
13/07/2017	3	0,2	3	6	19	11	52	0,9	137	27,2	82	998	303	0	9	7
14/07/2017	4	0,1	3	4	17	8	53	1,2	93	26,2	84	998	158	0	9	5
15/07/2017	4	0,1	3	6	16	10	58	1,1	77	25,9	74	999	301	0	7	4
16/07/2017	3	0,2	3	8	12	13	73	0,9	76	26,6	50	1000	342	0	4	3
17/07/2017	3	0,1	4	9	15	14	69	1,1	60	25,9	62	999	319	0	5	4
18/07/2017	4	0,2	4	11	21	16	61	1,1	67	26,6	67	997	305	0	7	4
19/07/2017	3	0,2	3	8	35	13	67	1,1	110	26,9	68	994	287	0	12	6
20/07/2017	3	0,1	3	8	41	13	60	0,7	113	26,6	82	992	290	0	18	11
21/07/2017	3	0,1	3	7	31	12	59	0,9	115	26,8	79	992	318	0	15	9
22/07/2017	4	0,2	3	9	27	14	57	0,8	147	26	78	995	311	0	12	7
23/07/2017	3	0,1	3	7	26	12	57	1,1	121	26,7	71	998	272	0	9	6
24/07/2017	4	0,1	4	9	23	15	46	1,2	109	26,1	75	997	326	0	10	7
25/07/2017	4	0,1	4	7	16	13	52	1,5	68	26,2	70	996	318	0	6	4
26/07/2017	3	0,1	4	9	27	15	54	1,5	191	26,3	70	996	322	0	7	4
27/07/2017	3	0,1	4	13	22	19	48	1,5	218	27	71	996	320	0	8	5
28/07/2017	4	0,2	4	17	28	23	56	0,8	63	27,9	61	996	313	0	7	4
29/07/2017	3		4	12	21	18	51	1,1	168	27,3	65	996	320	0	6	4
30/07/2017	3		4	11	20	17	58	1	210	27,5	63	993	317	0	6	5
31/07/2017	3	0,1	4	11	21	17	58	1,6	157	27,2	71	991	298	0	9	7
01/08/2017	3	0,2	5	14	36	20	51	1,5	81	28,2	76	994	203	0	15	10
02/08/2017	3	0,2	4	11	48	16	67	2,3	58	30,8	58	996	199	0	13	7
03/08/2017	3	0,1	4	13	56	20	58	1,6	193	29,4	65	996	310	0	17	8
04/08/2017	3	0,1	5	15	44	22	58	1	133	29,4	66	996	307	0	17	9
05/08/2017	4	0,1	4	12	37	19	60	0,9	109	28,7	72	996	309	0	16	10
06/08/2017	3	0,1	4	8	24	15	56	2	69	27,9	79	997	274	0	13	8
07/08/2017	3	0,1	4	10	29	18	46	1,2	110	27,7	79	995	257	0	12	6
08/08/2017	4	0,1	5	13	32	22	55	1,8	63	28,3	73	992	257	0	12	7
09/08/2017	4		4	8	25	15	68	2,9	52	27,2	68	995	295	0	8	5
10/08/2017	3		4	9	7	16	71	2,9	52	23,1	66	1001	329	7,7	2	1
11/08/2017	4	0,1	5	10	7	17	66	1,9	60	23,2	71	1002		0	3	2
12/08/2017	4	0,1	5	10	9	18	67	1,7	62	24,1	67	1002		0	3	2
13/08/2017	4	0,1	4	7	10	14	64	2	55	24,4	71	999		0	4	2
14/08/2017	4	0,1	5	11	12	18	63	2,3	48	25,2	68	998	285	0,1	4	3
15/08/2017	3	0,1	4	9	29	16	63	1,7	164	26,6	71	998	277	0	9	5
16/08/2017	3	0,1	5	10	29	18	59	1,2	136	27,3	77	999	278	0	12	7
17/08/2017	3	0,1	5	11	27	19	51	1	72	27,3	80	999	287	0	13	8
18/08/2017	4	0,1	6	12	25	21	48	1	135	26,4	82	997	291	0	13	8
19/08/2017	4	0,1	4	7	23	14	60	1,8	70	27,1	79	998	256	0	11	6
20/08/2017	3	0,1	4	7	19	14	62	1,6	73	26,3	75	1001	270	0	7	3
21/08/2017	3	0,1	5	10	18	18	59	1,5	64	25,5	70	1001	286	0	6	3
22/08/2017	4	0,1	5	12	23	20	61	1,7	217	24,9	67	999	303	0	5	3
23/08/2017	4	0,1	5	12	16	21	52	1,2	62	24,4	76	998	298	0	6	4
24/08/2017	3	0,1	6	13	16	22	61	1,4	64	25	71	998	289	0	6	4
25/08/2017	3	0,1	5	11	19	19	57	1,2	67	25,4	79	998	256	0	9	6
26/08/2017	3	0,1	4	8	22	15	66	1,2	84	26,9	81	997	237	0	12	8
27/08/2017	4	0,1	4	9	23	16	60	1	123	26,9	80	996	155	0	13	10
28/08/2017	4	0,1	4	11	23	18	53	1	97	26,2	83	996	113	0	13	10
29/08/2017	4	0,1	7	20	17	31	40	1,4	347	23,1	84	996	73	25,7	8	5
30/08/2017	3	0,1	4	13	7	19	53	1,5	282	22	88	997	118	8,8	4	4
31/08/2017	3	0,1	4	12	14	18	54	1,6	43	24,8	74	997	179	0	7	5
01/09/2017	3	0,1	3	8	14	12	60	2,4	57	24,7	78	998	237	0	6	4
02/09/2017	3	0,1	3	7	9	10	68	1,3	78	24,1	70	1001	265	0,2	4	3
03/09/2017	3	0,1	3	8	11	12	59	1,8	267	24	80	997	190	0	7	5
04/09/2017	3	0,1	5	9	15	16	57	1,4	64	24,8	83	996	242	0	9	7
05/09/2017	3	0,1	3	11	14	16	61	1	67	25,3	75	1002	269	0	7	6
06/09/2017	4	0,1	5	11	11	18	52	1,3	68	24,6	77	1001	245	0,2	5	4
07/09/2017	3	0,1	3	9	7	13	50	0,9	103	25,4	79	998	250	0	4	3
08/09/2017	3	0,1	4	10	14	15	44	1,7	237	24,6	83	995	235	0	7	5
09/09/2017	3	0,1	3	9	20	13	65	2,3	299	25,5	60	987	135	0	9	8
10/09/2017	3	0,1	3	7	6	11	68	3,1	13	22,9	48	992	274	0	2	1
11/09/2017	3	0,2	4	15	22	20	71	2,4	245	26,6	36	993	267	0	4	2
12/09/2017	3	0,1	4	13	14	18	57	1,8	51	24,7	60	997	254	0	3	2
13/09/2017	3	0,1	3	11	8	16	53	1,5	22	23,2	68	1003	262	0	3	2
14/09/2017	3	0,1	4	14	15	20	67	1,9	26	25,4	63	996	256	0	4	3
15/09/2017	3	0,2	3	9	10	14	60	2,6	52	23,2	78	993	213	0,5	4	3
16/09/2017	3	0,1	3	9	4	14	54	1,5	31	20,3	73	995	216	0,3	2	1
17/09/2017	4	0,2	3	10	5	15	51	1,2	354	21,7	79	999	235	0,1	3	3
18/09/2017	3	0,1	4	11	15	18	70	2,3	298	24,2	63	998	253	0,1	5	4
19/09/2017	3		3	11	8	17	62	1,5	32	21,9	75	1001	234	0	4	4
20/09/2017	3		4	13	9	19	50	1,7	340	21,9	81	1001	225	0	5	4
21/09/2017	4		3	10	8	16	62	1,7	41	21,7	76	998	237	0,2	4	3
22/09/2017	3		4	10	8	16	55	2,6	38	22	75	1000	215	0	4	3
23/09/2017	4	0,1	3	9	8	15	52	1,7	24	21,5	76	1001	188	0	5	4
24/09/2017	4	0,1	3	8	11	14	45	1,7	249	21,9	81	1001	242	0	7	6
25/09/2017	5		5	16	23	24	50	1,9	292	24,3	66	998	236	0	9	6
26/09/2017	3	0,1	3	8	12	13	67	2,6	53	23,8	71	1000	233	0	7	5
27/09/2017	3	0,1	5	12	10	19	52	1,2	66	22,2	78	1003	193	0	5	4
28/09/2017	4	0,1	5	11	8	18	52	1,4	46	21,7	79	1004	184	0	5	4
29/09/2017	4	0,1	4	11	8	17	57	1,4	79	21,8	77	1003	229	0	4	4
30/09/2017	3	0,1	4	10	11	16	55	1,5	252	21,6	79	1001	175	0	7	6
01/10/2017	4	0,1	4	11	8	18	50	0,7	49	22,4	80	1002	109	0	6	5
02/10/2017	4		5	15	9	22	40	1,3	36	22	79	1004	201	0	5	5
03/10/2017	3		5	16	9	24	33	1,3	9	22,1	78	1003	221	0	4	3
04/10/2017	3		7	14	6	25	33	1,5	44	21,8	81	1005	213	0	4	3
05/10/2017	4		6	14	10	24	29	2	269	21,3	78	1003	221	0	5	3
06/10/2017	4		6	12	11	21	32	1,2	301	21	83	999	191	0	6	5
07/10/2017	3		3	11	9	16	41	2	26	20,1	84	1002	156	12,5	5	3
08/10/2017	3		3	10	10	15	43	1,5	302	20,7	84	1001	151	0	5	3
09/10/2017	3		3	11	10	16	44	1,5	300	20,6	83	1001	203	0	5	4
10/10/2017	4		4	13	12	19	43	1,5	281	21,2	82	1002	179	0	7	5
11/10/2017	3		4	13	11	18	45	1,6	289	20,4	83	1004	201	0	7	6
12/10/2017	3		3	10	11	15	48	1,6	278	20,5	84	1007	193	0	7	6
13/10/2017	4		4	18	11	24	48	1,6	291	21,2	75	1007	196	0	6	5
14/10/2017	4	0,1	3	10	9	15	53	1,6	36	20,8	78	1007	193	0	5	4
15/10/2017	4	0,1	3	6	9	11	51	1,7	42	20,9	82	1007	172	0,5	5	4
16/10/2017	4	0,1	5	12	8	19	54	1,5	47	21,1	75	1006	191	0	4	3
17/10/2017	4	0,1	3	12	9	17	49	1,4	252	20,7	80	1003	177	0	6	5
18/10/2017	4	0,2	6	18	10	28	30	1,4	326	19,3	87	995	60	2,6	6	5
19/10/2017	3	0,2	4	14	7	21	55	3,3	299	19,3	56	993	187	4,1	2	1
20/10/2017	4	0,1	4	15	8	21	55	2,1	280	20,5	55	1000	195	0	2	1
21/10/2017	4	0,1	4	16	6	23	39	1,6	349	20,6	73	1003	191	0	3	2
22/10/2017	4	0,1	4	8	5	14	46	1,8	34	20,6	72	1005	174	0	2	2
23/10/2017	4	0,2	4	12	4	19	39	1,6	350	18,8	81	1006	142	0	2	2
24/10/2017	5	0,1	5	18	6	25	36	1,6	320	18,5	79	1005	182	0	3	3
25/10/2017	4	0,1	5	17	5	25	39	1,9	290	19,1	71	1006	186	0	2	2
26/10/2017	4	0,1	5	17	5	24	37	1,9	348	18,1	74	1012	133	0	2	2
27/10/2017	4	0,1	6	26	10	35	38	1,6	307	19,1	63	1013	181	0	3	2
28/10/2017	4	0,1	4	11	5	17	47	1,6	28	19,7	79	1012	148	0	3	2
29/10/2017	4	0,2	4	10		15	46	2	299	18,9	79	1008	126	0		
30/10/2017	4	0,1	5	15		22	41	1,4	34	17,9	84	1005	155	0		
31/10/2017	4	0,2	4	10		16	45	2	36	18,6	81	1008	154	1,1		
01/11/2017	4	0,2	4	9	6	14	52	1,1	49	19,1	78	1010	110	0	4	3
02/11/2017	4	0,1	5	15	6	22	40	1,5	20	18	82	1007	155	0	4	3
03/11/2017	4	0,1	4	16	9	22	43	1,6	322	18,2	84	1002	109	0	6	5
04/11/2017	4	0,1	4	10	9	16	54	2,3	277	19,8	65	1000	119	0	4	3
05/11/2017	3	0,1	4	7	6	12	65	3,8	325	19,7	46	1005	161	0	1	1
06/11/2017	3	0,1	4	11	8	17	67	3,6	332	16,2	38	1007	164	0	2	1
07/11/2017	3	0,2	4	12	7	19	61	2,4	322	13,7	46	1006	162	0	2	1
08/11/2017	3	0,1	5	19	8	26	47	1,8	26	15,9	56	1008	156	0	3	2
09/11/2017	3	0,1	4	15	2	21	58	2	1	13,6	53	1010	134	1,1	1	1
10/11/2017	4	0,1	5	18		26	52	2,2	341	13,4	52	1013	154	0		
11/11/2017	4	0,1	4	14		20	49	2,1	306	15,2	58	1011	150	0		
12/11/2017	3	0,1	4	10		16	52	2	310	17,3	53	1005	153	0		
13/11/2017	3	0,1	4	12		18	69	3,6	342	16,9	32	1002	153	0		
14/11/2017	4	0,1	5	18		26	55	1,9	320	12,3	51	1006	149	0		
15/11/2017	4	0,1	5	18		25	48	2,9	297	12,1	72	1007	139	0		
16/11/2017	4	0,1	6	20	20	28	46	2	336	12,3	71	1008	146	0	7	6
17/11/2017	4	0,1	5	21	22	28	43	2	302	12,5	81	1008	137	0	13	11
18/11/2017	4	0,2	5	18	20	25	48	2,1	306	13,1	77	1008	139	0	13	12
19/11/2017	4	0,2	4	11	13	17	52	2,3	302	13,7	82	1009	138	0	10	10
20/11/2017	4	0,1	5	17	20	24	40	1,9	307	13,5	83	1010	135	0	13	12
21/11/2017	5	0,2	7	26	26	38	28	1,7	358	13,1	73	1009	138	0	12	10
22/11/2017	5	0,1	6	25	27	33	35	1,9	310	13,2	70	1004	127	0	13	12
23/11/2017	5	0,2	9	28	42	40	32	1,9	309	15,3	50	1006	128	0	9	7
24/11/2017	5	0,2	10	30	39	45	22	1,5	335	16,3	54	1008	118	0	10	8
25/11/2017	6	0,4	12	35	48	53	20	1,2	326	17	50	1007	32	0	14	11
26/11/2017	4	0,2	4	11	12	17	49	1,5	30	14	71	1014	120	0	4	3
27/11/2017	4	0,1	7	17	12	27	44	1,5	9	12,7	75	1015	100	0	5	3
28/11/2017	5	0,2	7	24	19	35	28	1,8	254	15,4	76	1005	72	0	12	10
29/11/2017	4	0,3	7	19	10	29	28	0,9	46	14	89	994	19	3,5	8	7
30/11/2017	4	0,1	5	15	5	21	45	2,8	356	11,4	55	1001	111	0,1	3	3
01/12/2017	4	0,1	3	12	9	16	60	4,4	328	9,1	46	1005	58	0	2	1
02/12/2017	3	0,1	3	14	12	17	64	6,3	312	9,5	39	1008	126	0	2	1
03/12/2017					10									0	3	2
04/12/2017					9										4	3
05/12/2017					12									0	7	6
06/12/2017	4	0,2	3	24	10	27	53	2,4	352	10,3	78	1022	116	0	8	7
07/12/2017	5	0,1	3	28	13	32	48	2,5	301	11	77	1019	113	0	9	8
08/12/2017	4	0,2	3	21	25	24	59	3,1	301	15,4	41	1013	99	0	5	4
09/12/2017	4	0,2	4	28	10	34	47	2,2	327	16,2	65	1011	117	0	5	5
10/12/2017	4	0,1	2	14	9	17	56	4,3	250	16,9	59	1002	98	0	3	3
11/12/2017	4	0,1	2	17	8	20	60	4,7	263	13,5	64	987	24	0,2	2	2
12/12/2017	5	0,2	7	28	11	37	40	2,4	339	10,2	68	1003	122	0	3	3
13/12/2017	4	0,1	4	27	16	33	43	3,7	278	11,6	45	1014	125	0	3	2
14/12/2017	4	0,1	5	22	25	29	55	6	297	16,8	51	1007	94	0	3	1
15/12/2017	4	0,1	3	20	5	24	51	3,1	275	16,8	63	999	76	0	1	1
16/12/2017	4	0,1	2	17	5	21	59	2,6	329	11,7	50	1006	125	0	2	2
17/12/2017	4	0,2	3	18	9	23	51	2,5	321	8,8	55	1016	118	0	3	3
18/12/2017	4	0,2	5	24	16	32	45	3,1	289	10	51	1016	125	0	4	3
19/12/2017	4	0,2	3	19	4	24	57	3,4	8	12,9	63	1016	82	0,2	2	1
20/12/2017	4	0,1	4	27	14	33	44	1,8	324	11,8	67	1019	98	0	5	4
21/12/2017	4	0,1	4	20	8	27	43	2,1	7	12,5	74	1024	96	0	5	4
22/12/2017	4	0,1	11	31	15	48	24	2,1	332	11,7	71	1021	115	0	7	6
23/12/2017	4	0,1	3	20	9	25	37	1,6	31	12,6	82	1022	98	0	6	6
24/12/2017	4	0,2	3	16	11	21	35	1,7	316	12,5	84	1021	77	0	8	8
25/12/2017	4	0,2	2	12	9	15	46	2,5	297	11,6	74	1013	115	0	7	7
26/12/2017	4	0,2	4	19	12	25	50	3,6	295	13,5	57	1007	95	0	3	3
27/12/2017	3	0,1	2	8	32	11	71	7,9	291	15	47	997	81	0	3	1
28/12/2017	4	0,1	2	7	5	10	67	5,9	277	17,9	53	1000	114	0	1	1
29/12/2017	4	0,1	3	15	10	20	51	4,6	300	18,9	58	1009	81	0	2	1
30/12/2017	4	0,2	8	23	10	35	39	3,9	306	18,3	58	1013	111	0	3	2
31/12/2017	4	0,1	3	9	10	12	48	3,8	292	15,1	60	1011	62	0	3	3
