Red: Red de Vigilancia y Control de la Contaminación AtmosféricaEstación: 03014009-Alacant - Rabassa
	
FECHA	PM2.5	PM1	SO2	CO	NO	NO2	PM10	NOx	O3	Veloc.	Direc.	Temp.	H.Rel.	Pres.	R.Sol.	Precip.
	µg/m³	µg/m³	µg/m³	mg/m³	µg/m³	µg/m³	µg/m³	µg/m³	µg/m³	m/s	grados	°C	% H.R.	mb	W/m²	l/m²
01/01/2016	10	9	3	0.2	3	15	13	18	37	0.4	9	14.3	87	1005	102	0
02/01/2016	7	5	4	0.3	2	9	28	12	52	1.5	318	14.7	67	1002	91	0
03/01/2016	3	2	3	0.1	2	10	12	12	63	0.8	246	15.4	60	999	80	0
04/01/2016	3	2	3	0.2	6	18	16	26	36	0.8	251	18	60	988	49	0
05/01/2016	3	1	3	0.3	2	9	42	12	68	1.7	289	15.5	50	989	110	0
06/01/2016	3	1	4	0.2	2	9	37	12	71	2.4	281	12.4	49	998	101	0
07/01/2016	2	1	3	0.1	2	5	27	7	70	2.5	260	18.7	50	998	84	0
08/01/2016	4	3	3	0.2	9	25	17	38	31	0.4	255	16.8	66	995	124	0
09/01/2016	3	3	3	0.2	3	12	18	17	57	1.1	276	17.3	51	993	85	0
10/01/2016	2	2	3	0.1	2	11	11	13	62	0.8	251	14.7	58	995	107	0
11/01/2016	2	1	4	0.1	4	15	26	19	62	1.3	277	16.8	50	995	107	0
12/01/2016	4	2	4	0.1	3	13	54	18	68	2.4	312	14.6	45	1004	136	0
13/01/2016	3	2	3	0.2	5	17	23	23	51	0.5	314	11.4	61	1008	120	0
14/01/2016	6	5	3	0.3	7	25	29	35	33	0.5	284	13.4	64	1001	94	0
15/01/2016	1	1	3	0.1	3	12	2	15	53	0.7	27	13	68	1002	25	3.8
16/01/2016	2	2	4	0.3	2	11	7	14	63	1.6	343	10.1	39	1009		0.1
17/01/2016	4	3	3	0.5	4	14	9	19	48	0.5	304	8.2	52	1007		0
18/01/2016	3	2	3	0.4	3	15	34	18	60	1.4	290	15.4	38	999		0
19/01/2016	3	2	3	0.1	3	18	17	21	53	0.4	328	13.8	56	1000		0
20/01/2016	6	6	4	0.2	5	22	18	29	36	0.5	308	11.8	71	999	113	0
21/01/2016	4	3	4	0.1	4	19	14	24	49	0.6	341	13.7	60	1003	125	0
22/01/2016	8	7	3	0.2	12	28	13	46	30	0.3	42	13.1	80	1010	114	0
23/01/2016	9	9	3	0.2	3	18	13	22	24	0.3	5	12.9		1015	106	0
24/01/2016	9	9	4	0.2	3	14	11	17	42	0.3	31	13	87	1015	141	0
25/01/2016	8	8	4	0.1	5	18	12	26	37	0.3	9	12.1		1013	92	0
26/01/2016	12	11	3	0.1	4	22	18	28	40	0.2	15	14.4	88	1012	53	0
27/01/2016	14	13	3	0.2	8	21	21	32	36	0.2	352	13.3	88	1011	73	0
28/01/2016	16	15	3	0.1	5	19	25	25	36	0.3	306	12.5		1011	103	0
29/01/2016	14	13	4	0.2	6	22	21	30	41	0.2	39	14.1	84	1013	76	0
30/01/2016	13	12	3	0.1	2	15	21	17	49	0.5	298	13.7	74	1014	143	0
31/01/2016	6	5	3	0.1	3	14	17	17	54	0.8	344	15.5	57	1012	132	0
01/02/2016	4	4	3	0.1	4	18	12	23	39	0.4	357	14.8	70	1012	159	0
02/02/2016	10	9	3	0.1	6	23	23	32	34	0.4	285	13.5	78	1009	165	0
03/02/2016	15	14	3	0.1	7	22	22	32	35	0.2	351	13	88	1009	121	0
04/02/2016	4	4	3	0.2	4	20	16	24	49	0.4	20	11.4	71	1016	87	0
05/02/2016	4	3	3	0.2	5	18	8	25	49	0.5	18	11.1	80	1011	158	0
06/02/2016	7	6	3	0.2	3	17	13	21	47	0.5	284	12	82	1003	139	0
07/02/2016	4	2	3	0.3	2	11	20	14	66	2.1	285	14.5	53	1000	143	0.5
08/02/2016	3	1	3	0.1	3	13	22	16	64	1.7	300	16.6	49	1006	179	0
09/02/2016	3	2	3	0.1	2	11	22	14	64	1.9	275	17.1	46	1001	139	0
10/02/2016	1	1	3	0.1	2	7	12	10	63	2.2	268	19.8	50	997	93	0
11/02/2016	2	1	3	0.1	3	13	13	17	54	1.2	263	20.2	50	995	63	0
12/02/2016	2	1	3	0.1	3	11	10	14	55	2.1	250	19.5	51	993	93	0
13/02/2016	2	1	4	0.1	2	7	16	9	44	2.1	259	21.4	52	990	88	0
14/02/2016	3	1	3	0.2	2	10	43	12	72	3.1	281	16.2	45	984	154	0
15/02/2016	1	1	3	0.2	2	10	7	12	73	2	328	12.2	44	991	165	0.2
16/02/2016	3	2	3	0.2	3	17	20	21	62	0.7	307	9.1	43	1004	189	0
17/02/2016	4	2	3	0.2	2	15	34	17	67	1	280	9.9	44	1004	202	0
18/02/2016	3	3	3	0.2	2	12	12	14	79	0.8	286	12.5	49	1000	104	0
19/02/2016	2	2	3	0.2	2	11	4	13	64	0.7	41	13.1	62	1006	141	0
20/02/2016	2	2	3	0.1	2	8	4	10	72	1.2	48	12.6	68	1011	199	0
21/02/2016	4	3	3	0.2	2	9	14	11	64	0.7	25	12	69	1008	141	0
22/02/2016	12	7	3	0.3	4	21	109	25	48	0.6	292	15.4	68	1001	179	0
23/02/2016	16	8	4	0.2	2	13	157	15	73	1.1	302	17.9	38	1004	195	0
24/02/2016	10	6	3	0.1	3	18	82	22	63	0.8	257	16.1	55	999	176	0
25/02/2016	4	1	3	0.2	2	13	51	16	70	1.9	295	16.7	43	997	214	0
26/02/2016	3	2	3	0.1	2	11	19	14	74	1.2	268	14.6	54	991	163	0
27/02/2016	3	1	3	0.3	2	6	51	8	80	2.6	273	11.3	46	978	67	0
28/02/2016	2	1	3	0.2	3	10	20	13	62	2.2	313	11.5	57	983	160	0
29/02/2016	3	2	3	0.3	4	17	24	22	59	1.6	319	13.9	45	995	193	0
01/03/2016	4	2	4	0.1	3	16	34	19	64	0.9	278	12.4	52	1005	214	0
02/03/2016	5	2	4	0.1	3	19	74	22	63	1.4	291	20	27	1001	222	0
03/03/2016	3	2	4	0.1	2	12	10	14	65	0.8	356	16.2	58	998	216	0
04/03/2016	5	4	3	0.1	3	18	28	22	64	0.8	263	15.1	56	991	218	0
05/03/2016	6	2	4	0.1	3	12	97	16	70	2.6	299	14.8	40	989	229	0
06/03/2016	2	1	4	0.1	2	10	21	13	73	1.5	305	13.8	35	993	236	0
07/03/2016	2	1	4	0.1	2	12	10	15	58	0.8	298	11	58	990	40	0
08/03/2016	2	2	3	0.1	2	10	8	12	70	0.9	356	11.2	56	997	226	0
09/03/2016	2	1	4	0.2	2	10	17	12	61	1.6	294	12.4	54	995	121	0.2
10/03/2016	2	1	3	0.3	2	9	7	11	72	1.5	342	11.6	48	994	125	0
11/03/2016	2	2	4	0.1	2	14	15	17	62	0.7	331	11.4	56	999	242	0
12/03/2016	2	2	3	0.1	2	10	4	12	64	0.7	51	11.2	76	1002	236	0
13/03/2016	3	3	3	0.2	2	9	5	11	72	0.6	73	11.5	76	1001	245	0
14/03/2016	3	2	3	0.2	3	14	6	18	67	0.5	70	12.4	78	999	165	0
15/03/2016	5	4	3	0.1	3	17	7	21	61	0.5	23	12.1	86	1000	141	0.1
16/03/2016	7	7	4	0.2	2	11	17	14	76	1.3	333	14.5	59	997	253	0
17/03/2016	7	6	3	0.1	2	13	8	16	64	0.6	29	12	70	1001	155	0
18/03/2016	10	9	3	0.2	2	12	11	14	73	0.4	79	14	76	999	154	0
19/03/2016	19	18	3	0.2	2	12	20	14	70	0.4	70	14	85	996	79	0.4
20/03/2016	11	10	3	0.2	2	9	12	11	62	0.4	52	14.4	80	995	238	0
21/03/2016	11	11	3	0.1	4	15	13	20	54	0.6	21	12.9	86	993	90	3.4
22/03/2016	10	9	4	0.1	2	16	11	19	59	0.5	292	13.7	77	988	71	0.1
23/03/2016	8	6	4	0.2	4	20	18	25	64	1.7	329	15.3	58	987	260	0
24/03/2016	12	11	3	0.1	2	14	18	16	71	0.7	263	13.9	56	996	270	0
25/03/2016	9	6	4	0.1	2	13	23	15	78	1	300	19.8	40	1002	237	0
26/03/2016	9	8	3	0.1	3	14	15	17	75	0.6	83	18.4	52	1002	258	0
27/03/2016	5	3	3	0.3	3	11	11	15	58	1.4	290	20.2	45	999	219	0
28/03/2016	4	2	3	0.3	2	12	10	15	71	1.6	270	18.9	41	999	243	0
29/03/2016	4	3	3	0.1	3	15	8	18	62	0.7	290	18.9	52	999	284	0
30/03/2016	6	5	3	0.2	4	24	12	29	59	0.4	74	16.7	57	995	251	0
31/03/2016	6	4	3	0.3	3	13	18	17	71	1.6	326	17.7	46	991	272	0
01/04/2016	2	1	3	0.2	2	8	7	10	77	1.2	333	13.5	50	995	296	0
02/04/2016	4	2	3	0.1	2	11	6	13	71	0.8	246	13.6	69	995	292	0
03/04/2016	4	3	3	0.2	2	10	6	13	69	0.5	238	14.7	70	995	258	0
04/04/2016	8	7	3	0.2	3	16	10	20	54	0.3	96	15.2	83	989	178	4.4
05/04/2016	2	1	3	0.2	2	8	3	11	69	0.6	341	14.6	79	985	146	2.3
06/04/2016	3	2	3	0.2	2	10	5	12	68	0.7	47	17.1	65	994	176	0
07/04/2016	5	4	3	0.1	2	10	7	13	64	0.6	232	15.8	73	995	258	0
08/04/2016	3	3	3	0.3	2	10	3	13	75	0.8	8	13.3	67	994	204	0.1
09/04/2016	3	3	3	0.2	2	9	5	11	72	0.7	274	16.1	48	994	311	0
10/04/2016	6	5	3	0.2	2	11	7	13	61	0.2	73	14.8	79	990	282	0
11/04/2016	3	3	3	0.3	3	12	4	16	64	0.5	185	16.7	66	992	291	0
12/04/2016	5	4	3	0.1	4	15	7	20	56	0.6	59	16.3	75	994	301	0
13/04/2016	2	1	3	0.2	2	8	4	10	79	0.9	292	19.2	46	996	287	0
14/04/2016	6	5	3	0.1	4	13	8	18	63	0.5	99	16.9	70	997	318	0
15/04/2016	11	10	3	0.1	5	20	13	27	45	0.5	161	16.7	81	993	254	0
16/04/2016	6	5	3	0.2	2	13	8	15	57	0.6	243	19.2	65	993	293	0
17/04/2016	4	3	3	0.1	2	9	5	11	57	0.4	94	20	66	996	245	0
18/04/2016	4	3	3	0.2	3	12	7	16	59	0.7	68	18.9	67	999	192	0
19/04/2016	3	2	3	0.2	3	9	6	13	80	1.4	47	18.4	57	997	276	0
20/04/2016	3	2	3	0.1	2	7	4	9	85	1	69	17.6	67	997	238	0
21/04/2016	3	2	4	0.2			5		79	1	265	18.7	56	1001	332	0
22/04/2016	2	2	3	0.1	2	13	3	15	61	0.3	130	16.8	75	1000	134	0
23/04/2016	2	2	3	0.2	2	9	2	11	70	0.8	303	19.4	57	996	227	0
24/04/2016	1	1	3	0.2			2		73	0.7	270	18.1	60	996	336	0
25/04/2016	2	1	3	0.1			2		67	0.8	68	15.9	72	998	339	0
26/04/2016	2	2	3	0.1			3		63	0.7	214	16.2	70	994	321	0
27/04/2016	3	3	3	0.2			4		60	0.5	74	17	79	993	260	0
28/04/2016	4	3	3	0.2			4		67	0.5	89	17.8	82	994	267	0.4
29/04/2016	2	2	3	0.2			2		63	0.5	50	15.7	85	999	93	0.4
30/04/2016	3	2	3	0.2			3		60	0.5	94	16.5	79	1000	225	0.5
01/05/2016	2	2	4	0.5			3		75	0.7	300	15.6	56	1004	337	0
02/05/2016	2	1	4	0.3	2	5	4	7	75	0.7	224	15.1	53	1003	348	0
03/05/2016	2	2	3	0.2	4	9	4	14	77	0.5	332	17.1	46	1003	353	0
04/05/2016	3	2	3	0.1	4	9	4	15	84	0.7	57	17.3	51	1001	306	0
05/05/2016	3	2	3	0.2	4	12	4	18	63	0.4	25	15.7	66	996	78	0.2
06/05/2016	5	4	3	0.2	3	4	6	6	61	0.5	149	16	76	993	249	0
07/05/2016	4	4	3	0.2	3	8	5	12	66	0.5	81	17	79	990	237	0
08/05/2016	5	5	3	0.2	2	7	5	10	59	0.6	61	17.5	86	987	141	0.1
09/05/2016	6	6	3	0.2	3	10	7	14	39	0.5	302	17.2	86	989	100	0.1
10/05/2016	2	2	3	0.3	3	9	3	12	56	0.7	35	17.3	72	990	137	0.2
11/05/2016	2	1	3	0.1	2	6	2	8	72	1.1	213	18.1	67	988	322	1.8
12/05/2016	1	1	3	0.1	2	5	4	8	73	1.6	275	18.8	54	990	296	0
13/05/2016	2	1	3	0.1	2	8	8	10	73	2.1	294	19.5	46	992	317	0
14/05/2016	2	1	3	0.1	3	11	9	15	61	1.8	298	22.1	42	996	346	0
15/05/2016	2	2	4	0.2	2	6	4	7	73	0.6	127	20	55	1000	295	0
16/05/2016	4	3	4	0.2	2	7	4	8	74	0.5	135	19.6	64	1002	352	0
17/05/2016	4	4		0.1	3	8	5	11	57	0.6	65	18.3	77	1000	299	0
18/05/2016	5	5		0.3	3	9	7	11	59	0.6	200	19.1	70	998	308	0
19/05/2016	5	5		0.1	2	6	6	8	63	0.7	76	20	73	999	346	0
20/05/2016	5	5		0.3	2	6	6	8	57	0.6	147	19	78	1002	287	0
21/05/2016	4	4	5	0.4	2	9	5	11	59	0.5	74	19.2	71	1000	359	0
22/05/2016	4	3	3	0.3	2	10	10	11	65	0.9	266	22.2	54	997	339	0
23/05/2016	1	1	3	0.3	2	7	3	9	70	0.8	112	19.8	53	1003	334	0
24/05/2016	2	2	3	0.1	3	11	3	13	57	0.4	80	19.4	63	996	324	0
25/05/2016	10	9	3	0.1	4	12	11	17	50	0.6	148	20.4	78	993	341	0
26/05/2016	9	8	3	0.1	2	6	9	8	64	0.8	131	20.5	82	994	313	0
27/05/2016	8	8	4	0.2	3	11	9	14	48	0.7	141	20	83	995	289	0
28/05/2016	10	8	5	0.2	2	12	17	14	61	1.9	206	22.9	56	994	276	0
29/05/2016	1	1	4	0.4	2	6	3	8	76	2.4	265	22.9	42	997	362	0
30/05/2016	2	1	4	0.1	2	8	4	9	75	1.3	343	23.1	44	997	336	0
31/05/2016	2	2	3	0.1	2	8	3	10	65	1	89	20.6	64	1000	347	0
01/06/2016	3	2	3	0.2	3	11	5	14	64	0.9	98	20.2	64	999	370	0
02/06/2016	3	2	3	0.3	3	14	4	17	68	0.7	73	21.5	58	996	372	0
03/06/2016	3	2	3	0.4	3	11	3	13	56	0.8	109	21.4	68	993	357	0
04/06/2016	5	5	3	0.2	2	10	6	12	57	0.7	116	20.9	77	994	289	0
05/06/2016	5	4	3	0.1	2	8	5	9	61	0.7	163	21.7	77	998	321	0
06/06/2016	3	2	3	0.1	2	13	3	16	60	0.8	116	22.4	62	1000	344	0
07/06/2016	4	4	3	0.2	3	11	5	13	51	0.9	74	22.8	69	1003	360	0
08/06/2016	3	2	3	0.1	2	12	4	14	61	0.9	146	24.2	55	1001	366	0
09/06/2016	3	3	3	0.2	2	13	6	15	59	0.8	117	24.7	61	995	344	0
10/06/2016	6	6	3	0.2	3	12	8	16	51	0.8	106	24.2	76	991	340	0
11/06/2016	5	5	3	0.2	2	6	6	8	69	1	161	24.7	75	994	317	0
12/06/2016	7	7	3	0.2	2	6	8	7	58	0.8	163	23.5	83	997	304	0
13/06/2016	7	5	3	0.2	2	11	14	13	59	1.2	2	27	57	992	362	0
14/06/2016	3	2	3	0.1	2	7	7	9	56	1.5	167	26.1	58	990	365	0
15/06/2016	3	2	3	0.2	2	8	9	10	56	2.1	263	26.8	50	985	364	0
16/06/2016	3	1	3	0.1	2	10	15	12	62	2.5	279	23.6	36	990	277	0
17/06/2016	2	1	3	0.1	2	10	6	12	65	1.2	171	23.2	46	997	352	0
18/06/2016	2	1	3	0.1	2	7	4	9	61	1.6	59	21.4	63	1002	352	0
19/06/2016	1	1	3	0.1	2	6	2	8	65	1.1	129	20.8	64	1006	352	0
20/06/2016	2	1	3	0.1	2	8	2	10	58	1	150	21.3	68	1004	366	0
21/06/2016	2	1	3	0.1	2	9	3	11	56	1	85	21.7	64	1004	370	0
22/06/2016	1	1	3	0.1	2	8	2	10	66	1.4	55	23	54	1002	371	0
23/06/2016	1	1	3	0.1	2	8	2	10	65	1	111	23.7	56	1002	372	0
24/06/2016	2	1	3	0.1	2	11	4	13	61	0.9	215	24.1	56	999	362	0
25/06/2016	2	2	3	0.2	2	8	3	9	58	1.2	80	24.1	65	996	347	0
26/06/2016	3	3	3	0.2	2	5	5	7	56	2	61	24.2	71	998	328	0
27/06/2016	3	3	3	0.1	2	8	4	11	50	1.2	49	23.4	72	1002	244	0
28/06/2016	3	2	3	0.1	2	7	6	8	65	1.4	51	24.9	53	999	218	0
29/06/2016	2	2	3	0.1	2	8	4	10	63	1	80	26.4	53	997	326	0
30/06/2016	3	2	3	0.1	3	12	4	15	54	0.9	178	25.6	57	997	321	0
01/07/2016	3	2	3	0.2	3	13	4	15	45	0.8	144	25.2	62	998	343	0
02/07/2016	3	2	3	0.2	2	13	5	15	51	0.8	92	26.1	56	999	352	0
03/07/2016	4	3	3	0.2	2	6	6	7	56	2.3	57	25.3	71	1000	342	0
04/07/2016	3	2	3	0.1	2	8	8	10	61	1.6	57	26.1	57	998	335	0
05/07/2016	2	2	3	0.1	2	9	5	11	63	1.1	251	26.2	55	999	352	0
06/07/2016	3	2	3	0.1	3	10	4	13	61	1.1	66	26.3	60	1000	356	0
07/07/2016	2	2	3	0.1	2	9	5	11	75	1.8	48	26.8	51	999	168	0
08/07/2016	3	2	3	0.1	3	14	6	17	69	0.9	83	28.1	45	1000	319	0
09/07/2016	3	2	3	0.1	2	8	5	9	70	1.6	76	27.7	52	999	336	0
10/07/2016	3	3	3	0.2	2	8	5	10	70	0.9	182	27.2	59	997	349	0
11/07/2016	3	2	3	0.2	3	11	4	13	58	0.8	148	27	58	995	349	0
12/07/2016	4	4	3	0.2	3	9	5	11	48	0.9	110	26.3	69	994	348	0
13/07/2016	3	3	3	0.2	2	6	3	9	51	1.8	80	25.4	80	999	234	2.5
14/07/2016	2	2	3	0.1	2	5	3	7	67	0.9	124	24.2	74	1002	136	0
15/07/2016	2	2	3	0.1	2	6	2	8	61	1.1	106	23.7	74	1003	184	0
16/07/2016	2	1	3	0.1	2	6	2	8	66	1	70	23.5	67	1002	352	0
17/07/2016	1	1	3	0.1	2	5	2	7	69	1.1	75	23.3	65	1001	359	0
18/07/2016	2	1	3	0.1	2	7	2	9	63	1.2	54	23.8	73	1001	337	0
19/07/2016	2	2	3	0.2	2	6	3	8	57	0.9	107	24.5	76	1001	319	0
20/07/2016	3	2	3	0.2	2	9	4	11	49	0.7	51	25.8	74	999	207	0
21/07/2016	3	2	3	0.2	2	7	4	9	62	0.9	122	26.8	66	995	298	0
22/07/2016	6	5	3	0.3	2	6	6	9	56	0.9	214	26.2	74	994	331	0
23/07/2016	4	4	3	0.2	2	5	5	7	73	1	82	25.9	67	999	340	0
24/07/2016	2	2	3	0.1	2	6	3	7	69	0.9	112	25.5	62	1000	345	0
25/07/2016	2	2	3	0.1	2	6	4	8	69	1.1	202	26	57	1001	346	0
26/07/2016	2	2	3	0.1	2	6	4	8	75	0.9	112	26.8	50	1000	342	0
27/07/2016	2	2	3	0.1	2	6	3	8	70	1.4	51	27.1	54	999	333	0
28/07/2016	2	2	3	0.2	2	6	3	8	67	1.1	52	26.7	58	999	334	0
29/07/2016	2	2	3	0.2	2	6	4	8	70	0.9	77	27	52	998	333	0
30/07/2016	5	5	3	0.2	2	6	7	8	54	0.9	175	27.2	64	996	315	0
31/07/2016	6	5	3	0.2	2	5	9	7	65	0.9	83	30.3	49	995	206	0
01/08/2016	4	4	3	0.2			4		56	1.7	77	26.6	75	999	278	0.1
02/08/2016	3	2	3	0.2			3		53	1.1	59	25.8	67	1001	336	0
03/08/2016	2	2	3	0.2			3		60	1.1	59	26.8	57	998	326	0
04/08/2016	4	4	3	0.2			5		56	0.9	177	27.1	63	994	316	0
05/08/2016	5	5	3	0.2			7		58	2.2	69	27.3	68	999	322	0
06/08/2016	2	1	3	0.1			2		56	0.9	94	25.5	68	1004	329	0
07/08/2016	2	2	3	0.1			2		61	0.8	67	25.3	63	1005	333	0
08/08/2016	2	1	3	0.2			3		67	1	77	25.5	63	1003	333	0
09/08/2016	1	1	3	0.1			2		77	1.2	69	25.6	56	999	335	0
10/08/2016	2	2	3	0.1			2		68	1.3	53	24.7	71	1000	158	0.3
11/08/2016	2	1	3	0.2			2		67	1.2	83	24.7	68	1003	289	0
12/08/2016	2	1	3	0.1			2		72	1.2	59	24.3	67	1005	275	0
13/08/2016	2	1	3	0.1	2	6	2	8	74	1.4	67	23.9	64	1004	318	0
14/08/2016	2	1	3	0.2	2	7	2	8	71	1.1	58	24.9	63	1002	326	0
15/08/2016	1	1	3	0.2	2	6	2	7	57	1	133	24.1	73	1000	288	0
16/08/2016	3	2	3	0.2	2	14	5	16	45	0.8	303	25.3	73	998	89	0.1
17/08/2016	4	3	3	0.2	3	15	6	18	44	1	69	26.8	69	994	296	0
18/08/2016	9	8	3	0.3	2	12	9	15	40	0.7	97	26.3	81	993	293	0
19/08/2016	10	9	3	0.3	3	11	10	13	48	0.7	154	26.7	83	993	290	0
20/08/2016	12	12	3	0.3	2	6	12	8	53	0.7	104	27	83	995	293	0
21/08/2016	6	6	3	0.2	2	5	6	7	65	1.5	75	26.4	78	1002	221	0
22/08/2016	2	2	3	0.2	3	7	3	10	60	0.9	76	25.1	72	1004	300	0
23/08/2016	2	2	3	0.2	2	7	3	10	64	1.2	60	25.1	73	1003	299	0
24/08/2016	2	1	3	0.1	2	6	2	8	83	1.4	49	25	63	1001	308	0
25/08/2016	1	1	3	0.2	2	5	2	7	80	1.3	62	25.2	69	998	306	0
26/08/2016	1	1	3	0.2	2	7	2	8	73	0.9	58	25.2	70	999	298	0
27/08/2016	2	2	3	0.2	2	6	3	7	65	0.9	203	24.9	72	1001	279	0
28/08/2016	6	5	3		2	5	6	7	50	0.9	199	25.8	81	1000	260	0
29/08/2016	9	8	3		2	6	9	7	54	0.9	98	26.6	83	999	276	0
30/08/2016	4	4	3		2	6	4	8	59	1.2	81	26.1	78	999	258	0
31/08/2016	3	3	3		2	6	4	8	58	1.2	57	25.6	75	1000	268	0
01/09/2016	3	2	3		2	5	3	7	63	1.2	63	25.4	74	1003	274	0
02/09/2016	4	4	3		2	6	5	8	56	0.8	62	25	78	1002	281	0
03/09/2016	3	2	3	0.1	2	6	5	7	68	0.8	280	26.4	54	1001	286	0
04/09/2016	2	1	3	0.1	2	5	4	7	79	1.2	250	28.4	36	1001	277	0
05/09/2016	4	2	3	0.2	2	11	10	13	68	0.9	17	30	34	1000	266	0
06/09/2016	5	4	3	0.2			6		73	0.9	59	27.4	60	999		0
07/09/2016	3	2	3	0.2			4		66	1	89	26.6	58	997		0
08/09/2016	3	2	3	0.2			4		56	1.1	101	25.8	71	997		0
09/09/2016	3	2	3	0.3			4		53	0.8	135	25.5	75	997		0
10/09/2016	4	4	3	0.2			5		59	0.9	77	25.3	77	997		0
11/09/2016	4	4	3	0.2			4		65	0.8	103	25.9	76	998		0
12/09/2016	4	3	3	0.2			5		55	0.9	61	25.1	78	997		0
13/09/2016	4	4	3	0.2			7		65	1.5	354	24.7	70	994		0
14/09/2016			3	0.1					77	2.5	297	23.8	37	994	252	0
15/09/2016			3	0.1					80	1.4	288	22.5	40	997	231	0
16/09/2016			3	0.1					79	1.8	329	24	42	1000	275	0
17/09/2016			3	0.1					81	1.2	49	22.8	58	1000	252	0
18/09/2016			3	0.1					64	1.1	39	22	66	1000	237	0
19/09/2016			3	0.1					58	1.4	253	22.1	70	999	250	0
20/09/2016			3	0.2					51	0.8	60	22.6	77	996	136	0
21/09/2016			3	0.2					54	0.8	31	22.5	79	997	251	0
22/09/2016			3	0.2					65	1	54	22.7	74	1000	226	0
23/09/2016			3	0.2					73	1.2	43	22.7	72	1003	221	0
24/09/2016			3	0.2					75	1	66	23	71	1003	247	0
25/09/2016			3	0.1					65	0.9	141	23.4	78	1001	215	0
26/09/2016			3	0.2					61	0.8	58	23.5	77	1002	158	0
27/09/2016			3	0.2					50	0.8	34	22.7	77	1005	176	0
28/09/2016			3	0.1					73	2	39	22.6	67	1007	211	0.5
29/09/2016	19	15	3	0.2	2	9	25	10	71	1.6	54	22.9	76	1005	215	0.7
30/09/2016	16	13	3	0.1	2	10	23	11	61	1.2	31	22	74	999	226	0
01/10/2016	22	18	3	0.2	2	6	31	8	59	1.3	312	22		995	217	0
02/10/2016	15	11	3	0.1	2	7	26	9	66	0.9	28	22.1	71	997	226	0
03/10/2016	10	7	3	0.1	3	8	16	12	58	1.3	37	21.9	71	1002	232	0
04/10/2016	13	8	3	0.2	3	6	21	9	52	1	39	21.8	80	1001	222	0
05/10/2016	14	9	3	0.2	3	10	21	13	51	1.1	38	22.2	80	1000	164	0
06/10/2016	17	12	3	0.2	3	9	31	12	53	1.2	252	22.7	77	993	224	0
07/10/2016	22	15	3	0.2	3	4	36	7	52	0.9	249	22.9	80	996	214	0
08/10/2016	27	18	3	0.2	2	9	40	11	53	0.8	68	22.2	81	998	177	0
09/10/2016	22	15	3	0.2			32		62	1	53	22.6	78	998	187	0.2
10/10/2016	19	11	3	0.2			28		49	1	14	21.3	86	998	196	0
11/10/2016	19	12	3	0.2			34		61	1.2	355	22.3	70	993	214	0
12/10/2016	18	12	3	0.1			27		67	1	356	21.1	77	988	132	0.3
13/10/2016	12	9	3	0.1			16		46	1.1	262	18.3	85	984	75	3.8
14/10/2016	6	4	3	0.1			13		70	1.5	276	20.4	57	988	172	0
15/10/2016	8	6	3	0.1			23		76	1.1	340	20.2	55	997	212	0
16/10/2016	8	6	3	0.1			12		65	1.2	25	20	73	1000	194	0
17/10/2016	14	8	3	0.2	2	8	28	10	60	1.1	254	21.6	77	1002	184	0
18/10/2016	14	10	3	0.2	5	10	21	16	49	0.9	39	21.4	82	1005	136	0.1
19/10/2016	14	12	3	0.1	2	9	17	11	46	0.5	9	20	91	1002	75	6.6
20/10/2016	17	14	3	0.1	6	16	21	24	28	0.6	21	18.4		996	83	5.9
21/10/2016	8	6	3		4	17	10	21	38	0.5	36	19.1	86	995	79	0
22/10/2016																0
